02604760-v	be	0.24390243902439027	0.14227642276422764	0.14634146341463417	0.11788617886178863	0.03658536585365854	0.09349593495934959	0.05284552845528456	0.09349593495934959	0.07317073170731708
03918480-n	pc	0.3111111111111111	0.11666666666666667	0.12777777777777777	0.12777777777777777	0.022222222222222223	0.07222222222222222	0.022222222222222223	0.14444444444444443	0.05555555555555555
10741590-n	user	0.18987341772151903	0.1139240506329114	0.1265822784810127	0.13924050632911394	0.0	0.13924050632911394	0.07594936708860761	0.13924050632911394	0.07594936708860761
00514884-a	whole	0.2352941176470588	0.1764705882352941	0.1764705882352941	0.0588235294117647	0.0588235294117647	0.0588235294117647	0.0588235294117647	0.1176470588235294	0.0588235294117647
05810561-n	life	0.2857142857142857	0.16666666666666666	0.11904761904761904	0.19047619047619047	0.023809523809523808	0.023809523809523808	0.09523809523809523	0.047619047619047616	0.047619047619047616
03082979-n	computer	0.25068493150684934	0.14657534246575343	0.1506849315068493	0.1136986301369863	0.042465753424657526	0.09452054794520548	0.05342465753424658	0.0958904109589041	0.052054794520547946
00008997-r	absolutely,perfectly	0.3142857142857142	0.11428571428571428	0.08571428571428572	0.2	0.02857142857142857	0.02857142857142857	0.08571428571428572	0.08571428571428572	0.05714285714285714
15227846-n	hour,hr	0.21818181818181817	0.16363636363636364	0.12727272727272726	0.18181818181818182	0.018181818181818184	0.09090909090909091	0.08181818181818182	0.06363636363636363	0.05454545454545454
02810471-n	battery	0.25510204081632654	0.15816326530612246	0.14285714285714285	0.16836734693877548	0.030612244897959183	0.061224489795918366	0.0663265306122449	0.07142857142857142	0.04591836734693877
02341864-a	super	0.2391304347826087	0.10869565217391304	0.17391304347826086	0.13043478260869565	0.0	0.06521739130434782	0.043478260869565216	0.13043478260869565	0.10869565217391304
00976508-a	fast	0.22972972972972977	0.06756756756756759	0.21621621621621626	0.13513513513513517	0.06756756756756759	0.06756756756756759	0.06756756756756759	0.13513513513513517	0.013513513513513516
02995345-n	processor	0.23076923076923078	0.20512820512820512	0.10256410256410256	0.1794871794871795	0.07692307692307694	0.05128205128205128	0.05128205128205128	0.02564102564102564	0.07692307692307694
00149510-r	really,actually	0.3030303030303031	0.09090909090909091	0.16363636363636366	0.11515151515151517	0.03636363636363637	0.060606060606060615	0.03636363636363637	0.09696969696969698	0.09696969696969698
01586342-a	nice	0.23333333333333334	0.1	0.11666666666666667	0.16666666666666666	0.0	0.11666666666666667	0.06666666666666667	0.06666666666666667	0.13333333333333333
03453696-n	graphic	0.24675324675324675	0.15584415584415584	0.12987012987012986	0.09090909090909091	0.025974025974025976	0.07792207792207792	0.06493506493506493	0.11688311688311688	0.09090909090909091
02962545-n	card	0.2391304347826087	0.13043478260869565	0.15217391304347827	0.13043478260869565	0.043478260869565216	0.08695652173913043	0.043478260869565216	0.06521739130434782	0.10869565217391305
13774404-n	deal,plenty,lot	0.2222222222222222	0.1111111111111111	0.1746031746031746	0.15873015873015872	0.031746031746031744	0.07936507936507936	0.06349206349206349	0.07936507936507936	0.07936507936507936
03744276-n	storage,memory	0.1111111111111111	0.0	0.2222222222222222	0.1111111111111111	0.0	0.1111111111111111	0.2222222222222222	0.2222222222222222	0.0
08858942-n	gb	0.23529411764705882	0.0	0.23529411764705882	0.058823529411764705	0.0	0.17647058823529413	0.11764705882352941	0.058823529411764705	0.11764705882352941
02397637-v	upgrade	0.3333333333333333	0.1111111111111111	0.2222222222222222	0.0	0.0	0.1111111111111111	0.1111111111111111	0.1111111111111111	0.0
04052757-n	ram	0.25	0.0	0.25	0.0	0.0	0.0	0.25	0.25	0.0
00078576-a	shocked	0.25	0.0	0.25	0.0	0.0	0.0	0.25	0.25	0.0
00749230-a	easy	0.2324561403508772	0.07894736842105263	0.12280701754385964	0.13157894736842105	0.039473684210526314	0.07017543859649122	0.039473684210526314	0.22807017543859648	0.05701754385964912
02108026-v	get,have,experience,receive	0.2954545454545455	0.18181818181818182	0.09090909090909091	0.06818181818181819	0.06818181818181819	0.09090909090909091	0.09090909090909091	0.09090909090909091	0.022727272727272728
01158872-v	use,utilize	0.2442882249560633	0.1124780316344464	0.12478031634446399	0.1388400702987698	0.024604569420035152	0.07908611599297014	0.04569420035149386	0.1476274165202109	0.08260105448154657
02203362-v	have	0.3146067415730337	0.13483146067415733	0.0898876404494382	0.12359550561797754	0.0449438202247191	0.05617977528089888	0.03370786516853933	0.10112359550561799	0.10112359550561799
15155220-n	day	0.30973451327433627	0.22123893805309736	0.11504424778761062	0.07964601769911504	0.04424778761061947	0.07079646017699115	0.035398230088495575	0.05309734513274336	0.07079646017699115
00031798-r	already	0.3043478260869566	0.13043478260869568	0.13043478260869568	0.08695652173913045	0.0	0.04347826086956522	0.08695652173913045	0.1739130434782609	0.04347826086956522
03702719-n	mac	0.27433628318584075	0.14159292035398233	0.14159292035398233	0.15929203539823011	0.0	0.07964601769911506	0.03539823008849558	0.12389380530973453	0.044247787610619475
04776176-n	portability	0.13793103448275862	0.06896551724137931	0.13793103448275862	0.1724137931034483	0.0	0.06896551724137931	0.20689655172413793	0.10344827586206896	0.10344827586206896
00086000-r	fast	0.24615384615384617	0.12307692307692308	0.21538461538461542	0.10769230769230771	0.046153846153846156	0.03076923076923077	0.046153846153846156	0.07692307692307694	0.10769230769230771
00515154-v	process	0.33333333333333337	0.0	0.16666666666666669	0.16666666666666669	0.0	0.0	0.16666666666666669	0.16666666666666669	0.0
03642806-n	laptop	0.27099236641221375	0.14122137404580154	0.138676844783715	0.12340966921119594	0.022900763358778626	0.07633587786259542	0.03816793893129771	0.07506361323155217	0.11323155216284987
01123148-a	good	0.2538071065989848	0.1269035532994924	0.1472081218274112	0.1421319796954315	0.015228426395939089	0.07106598984771575	0.04060913705583757	0.08629441624365482	0.11675126903553303
01835496-v	travel,move,go	0.2589928057553957	0.17985611510791366	0.12949640287769784	0.14388489208633096	0.050359712230215826	0.0539568345323741	0.046762589928057555	0.0683453237410072	0.0683453237410072
04928903-n	way,style	0.21186440677966104	0.1271186440677966	0.2033898305084746	0.1271186440677966	0.0423728813559322	0.06779661016949153	0.03389830508474576	0.11016949152542373	0.07627118644067797
00689344-v	think,believe	0.25352112676056343	0.09859154929577467	0.16901408450704228	0.12676056338028172	0.04225352112676057	0.14084507042253525	0.0563380281690141	0.014084507042253525	0.09859154929577467
00189565-n	run	0.33333333333333337	0.16666666666666669	0.33333333333333337	0.0	0.0	0.0	0.0	0.0	0.16666666666666669
00875141-v	recommend	0.272108843537415	0.12244897959183673	0.14285714285714285	0.1292517006802721	0.02040816326530612	0.09523809523809523	0.034013605442176874	0.08843537414965986	0.09523809523809523
00007846-n	someone,person	0.2295081967213115	0.09836065573770493	0.1639344262295082	0.1311475409836066	0.049180327868852465	0.11475409836065575	0.0655737704918033	0.11475409836065575	0.03278688524590165
00149583-v	get,become,go	0.31250000000000006	0.21428571428571427	0.14285714285714285	0.13392857142857142	0.026785714285714284	0.08928571428571429	0.044642857142857144	0.026785714285714284	0.008928571428571428
00770437-v	cause	0.2	0.2	0.2	0.2	0.0	0.0	0.0	0.0	0.2
02586206-a	worth	0.3548387096774194	0.16129032258064516	0.16129032258064516	0.06451612903225806	0.03225806451612903	0.0	0.0	0.0967741935483871	0.12903225806451613
00934199-a	cheap	0.24390243902439024	0.14634146341463414	0.12195121951219512	0.0975609756097561	0.024390243902439025	0.14634146341463414	0.024390243902439025	0.024390243902439025	0.17073170731707318
07535670-n	regret	0.4	0.2	0.2	0.0	0.0	0.0	0.0	0.0	0.2
02207206-v	purchase,buy	0.2875	0.16666666666666666	0.11458333333333333	0.12291666666666666	0.04583333333333333	0.07916666666666666	0.03958333333333333	0.07083333333333333	0.07291666666666667
00022131-r	as	0.2222222222222222	0.16666666666666666	0.05555555555555555	0.16666666666666666	0.0	0.16666666666666666	0.1111111111111111	0.1111111111111111	0.0
01440159-a	lifelong	0.0	0.2	0.0	0.2	0.0	0.2	0.2	0.2	0.0
00089408-r	highly,extremely	0.19444444444444442	0.08333333333333333	0.15277777777777776	0.18055555555555552	0.013888888888888886	0.09722222222222221	0.12499999999999999	0.12499999999999999	0.027777777777777773
01805157-a	pleased	0.23809523809523808	0.09523809523809523	0.09523809523809523	0.19047619047619047	0.047619047619047616	0.09523809523809523	0.14285714285714285	0.09523809523809523	0.0
00120316-v	make,get	0.2207207207207207	0.16216216216216214	0.11711711711711709	0.15765765765765763	0.022522522522522518	0.1081081081081081	0.05405405405405405	0.1081081081081081	0.04954954954954954
07296428-n	change	0.22222222222222224	0.03703703703703704	0.11111111111111112	0.18518518518518517	0.07407407407407408	0.03703703703703704	0.07407407407407408	0.22222222222222224	0.03703703703703704
05999797-n	science	0.0	0.2	0.0	0.2	0.0	0.2	0.2	0.2	0.0
10665698-n	student	0.14893617021276598	0.06382978723404256	0.08510638297872342	0.17021276595744683	0.04255319148936171	0.14893617021276598	0.12765957446808512	0.12765957446808512	0.08510638297872342
08278169-n	college	0.18644067796610167	0.05084745762711865	0.1016949152542373	0.13559322033898305	0.05084745762711865	0.15254237288135594	0.1016949152542373	0.1694915254237288	0.05084745762711865
00715239-v	find,feel	0.07692307692307693	0.23076923076923078	0.0	0.23076923076923078	0.0	0.15384615384615385	0.15384615384615385	0.15384615384615385	0.0
05051734-n	longevity	0.0	0.2	0.0	0.2	0.0	0.2	0.2	0.2	0.0
04708113-n	ease	0.12820512820512822	0.10256410256410257	0.12820512820512822	0.17948717948717952	0.07692307692307694	0.07692307692307694	0.07692307692307694	0.20512820512820515	0.025641025641025644
00947128-n	use	0.2222222222222222	0.1388888888888889	0.125	0.1527777777777778	0.013888888888888888	0.08333333333333333	0.08333333333333333	0.1111111111111111	0.06944444444444445
00452328-r	shockingly	0.0	0.2	0.0	0.2	0.0	0.2	0.2	0.2	0.0
01825237-v	desire,want	0.25	0.11842105263157894	0.1513157894736842	0.13815789473684212	0.046052631578947366	0.08552631578947369	0.08552631578947369	0.06578947368421052	0.05921052631578947
00729108-n	homework	0.0	0.2	0.0	0.2	0.0	0.2	0.2	0.2	0.0
01382086-a	large,big	0.17721518987341772	0.08860759493670886	0.1518987341772152	0.189873417721519	0.0	0.12658227848101267	0.1518987341772152	0.08860759493670886	0.02531645569620253
01140896-a	clunky	0.0	0.2	0.0	0.2	0.0	0.2	0.2	0.2	0.0
03699975-n	machine	0.23668639053254434	0.12426035502958578	0.14792899408284022	0.15976331360946744	0.03550295857988166	0.08875739644970412	0.08875739644970412	0.05325443786982248	0.0650887573964497
02769748-n	knapsack,backpack	0.10526315789473684	0.05263157894736842	0.10526315789473684	0.21052631578947367	0.0	0.15789473684210525	0.15789473684210525	0.21052631578947367	0.0
00928947-n	programming	0.1111111111111111	0.1111111111111111	0.1111111111111111	0.2222222222222222	0.0	0.2222222222222222	0.1111111111111111	0.1111111111111111	0.0
00025290-r	anywhere	0.16666666666666669	0.16666666666666669	0.11111111111111112	0.16666666666666669	0.05555555555555556	0.11111111111111112	0.16666666666666669	0.05555555555555556	0.0
02130524-v	look	0.2	0.1125	0.1625	0.1875	0.0	0.075	0.1125	0.0625	0.0875
02260035-a	solid	0.0	0.2	0.0	0.2	0.0	0.2	0.2	0.2	0.0
02210855-v	get	0.2777777777777778	0.15625000000000003	0.14583333333333334	0.11805555555555557	0.02430555555555556	0.07291666666666667	0.045138888888888895	0.0763888888888889	0.08333333333333334
01386883-a	great	0.2579710144927536	0.10724637681159419	0.14492753623188404	0.14492753623188404	0.031884057971014484	0.07826086956521738	0.031884057971014484	0.12173913043478259	0.08115942028985505
05849789-n	feature	0.22950819672131148	0.09016393442622951	0.11475409836065574	0.23770491803278687	0.01639344262295082	0.05737704918032787	0.040983606557377046	0.13114754098360656	0.08196721311475409
14433769-n	spotlight	0.0	0.2	0.0	0.2	0.0	0.2	0.2	0.2	0.0
00945401-n	search	0.11111111111111108	0.22222222222222215	0.11111111111111108	0.11111111111111108	0.0	0.11111111111111108	0.11111111111111108	0.11111111111111108	0.11111111111111108
01315613-v	search	0.2857142857142857	0.14285714285714285	0.0	0.14285714285714285	0.0	0.14285714285714285	0.14285714285714285	0.14285714285714285	0.0
06470073-n	papers,document	0.175	0.1	0.15	0.125	0.0	0.15	0.075	0.15	0.075
00004722-r	but,just,only,simply	0.25531914893617014	0.14893617021276595	0.1382978723404255	0.1702127659574468	0.0425531914893617	0.0425531914893617	0.07446808510638298	0.07446808510638298	0.05319148936170212
01004692-v	type	0.0	0.2	0.0	0.2	0.0	0.2	0.2	0.2	0.0
00098714-r	rather	0.2666666666666667	0.16666666666666669	0.06666666666666668	0.16666666666666669	0.06666666666666668	0.10000000000000002	0.03333333333333334	0.13333333333333336	0.0
00643910-v	parse	0.0	0.2	0.0	0.2	0.0	0.2	0.2	0.2	0.0
13746512-n	x,ten	0.0	0.2222222222222222	0.1111111111111111	0.2222222222222222	0.0	0.2222222222222222	0.1111111111111111	0.1111111111111111	0.0
06508816-n	file	0.18181818181818185	0.21212121212121218	0.09090909090909093	0.12121212121212124	0.03030303030303031	0.12121212121212124	0.03030303030303031	0.12121212121212124	0.09090909090909093
06413889-n	folder	0.0	0.2	0.0	0.2	0.0	0.2	0.2	0.2	0.0
01148283-a	happy	0.3246753246753246	0.12987012987012986	0.14285714285714285	0.11688311688311687	0.012987012987012986	0.10389610389610389	0.051948051948051945	0.06493506493506493	0.051948051948051945
09889941-n	camper	0.2857142857142857	0.2857142857142857	0.0	0.14285714285714285	0.14285714285714285	0.0	0.14285714285714285	0.0	0.0
01184932-a	heavy	0.21052631578947367	0.15789473684210525	0.10526315789473684	0.15789473684210525	0.05263157894736842	0.10526315789473684	0.21052631578947367	0.0	0.0
00024073-r	not	0.25328330206378985	0.1669793621013133	0.14634146341463414	0.13320825515947468	0.0300187617260788	0.07879924953095685	0.043151969981238276	0.06378986866791744	0.08442776735459662
01449974-v	transport,carry	0.21311475409836064	0.08196721311475409	0.13114754098360656	0.16393442622950818	0.049180327868852465	0.06557377049180328	0.18032786885245902	0.08196721311475409	0.03278688524590164
00020759-r	never	0.25	0.20625	0.1875	0.09375	0.03125	0.075	0.03125	0.075	0.05
02413480-v	work	0.23841059602649003	0.15231788079470202	0.11920529801324502	0.15231788079470202	0.013245033112582781	0.10596026490066225	0.039735099337748346	0.07947019867549669	0.09933774834437085
00011093-r	well	0.24342105263157895	0.16447368421052633	0.13815789473684212	0.1118421052631579	0.006578947368421052	0.07236842105263158	0.05263157894736842	0.08552631578947369	0.125
01247240-a	hot	0.21428571428571427	0.2857142857142857	0.14285714285714285	0.07142857142857142	0.0	0.21428571428571427	0.03571428571428571	0.0	0.03571428571428571
00194924-a	scary	0.25	0.25	0.0	0.25	0.0	0.0	0.25	0.0	0.0
00027795-r	yet	0.2142857142857143	0.09523809523809525	0.16666666666666669	0.16666666666666669	0.0	0.09523809523809525	0.07142857142857144	0.11904761904761905	0.07142857142857144
14410605-n	problem	0.2864864864864865	0.18918918918918923	0.12972972972972974	0.12432432432432433	0.06486486486486487	0.059459459459459456	0.043243243243243246	0.04864864864864865	0.05405405405405406
02004874-v	return	0.4838709677419356	0.29032258064516137	0.03225806451612904	0.03225806451612904	0.06451612903225808	0.03225806451612904	0.03225806451612904	0.03225806451612904	0.0
02681795-v	keep,hold	0.24358974358974364	0.20512820512820518	0.19230769230769237	0.11538461538461542	0.03846153846153848	0.06410256410256411	0.025641025641025647	0.051282051282051294	0.06410256410256411
15209413-n	month	0.2538860103626943	0.26424870466321243	0.18652849740932642	0.05699481865284974	0.07772020725388601	0.07772020725388601	0.005181347150259067	0.015544041450777202	0.06217616580310881
00075161-r	back	0.2689075630252101	0.226890756302521	0.10924369747899161	0.10084033613445378	0.04201680672268908	0.06722689075630252	0.03361344537815126	0.05042016806722689	0.10084033613445378
00017639-r	yet,still	0.30303030303030304	0.13636363636363635	0.10606060606060606	0.16666666666666666	0.0	0.06060606060606061	0.07575757575757576	0.06060606060606061	0.09090909090909091
00631391-a	right,correct	0.3157894736842105	0.05263157894736842	0.05263157894736842	0.15789473684210525	0.0	0.10526315789473684	0.10526315789473684	0.05263157894736842	0.15789473684210525
01009240-v	say,tell	0.3302325581395349	0.1581395348837209	0.13953488372093023	0.13023255813953485	0.05116279069767441	0.04651162790697674	0.02325581395348837	0.06046511627906976	0.06046511627906976
06685456-n	warranty	0.28409090909090917	0.22727272727272727	0.12500000000000003	0.11363636363636363	0.09090909090909091	0.022727272727272728	0.011363636363636364	0.034090909090909095	0.09090909090909091
00146594-r	so	0.31168831168831174	0.12987012987012989	0.12987012987012989	0.18181818181818182	0.01298701298701299	0.05194805194805196	0.02597402597402598	0.06493506493506494	0.09090909090909091
01636397-v	imagine	0.2727272727272727	0.18181818181818182	0.09090909090909091	0.18181818181818182	0.0	0.0	0.09090909090909091	0.09090909090909091	0.09090909090909091
01149494-a	unhappy	0.25	0.25	0.0	0.25	0.0	0.0	0.25	0.0	0.0
03588414-n	item	0.25	0.25	0.0	0.25	0.0	0.0	0.25	0.0	0.0
00048268-r	currently	0.39999999999999997	0.19999999999999998	0.0	0.19999999999999998	0.0	0.0	0.09999999999999999	0.0	0.09999999999999999
01543123-v	sit	0.3	0.16666666666666666	0.16666666666666666	0.1	0.03333333333333333	0.06666666666666667	0.06666666666666667	0.03333333333333333	0.06666666666666667
05562595-n	lap	0.25	0.2	0.1	0.15	0.05	0.1	0.1	0.0	0.05
02768874-v	burn	0.375	0.375	0.0	0.125	0.0	0.0	0.125	0.0	0.0
05560787-n	leg	0.33333333333333337	0.33333333333333337	0.0	0.16666666666666669	0.0	0.0	0.16666666666666669	0.0	0.0
00039297-n	contact	0.25	0.25	0.0	0.25	0.0	0.0	0.25	0.0	0.0
02295550-v	share	0.2222222222222222	0.2222222222222222	0.0	0.2222222222222222	0.0	0.1111111111111111	0.1111111111111111	0.0	0.1111111111111111
02436349-v	deal,care,manage,handle	0.14285714285714285	0.14285714285714285	0.09523809523809523	0.14285714285714285	0.09523809523809523	0.14285714285714285	0.09523809523809523	0.09523809523809523	0.047619047619047616
07959943-n	bunch	0.2727272727272727	0.18181818181818182	0.09090909090909091	0.18181818181818182	0.0	0.0	0.09090909090909091	0.09090909090909091	0.09090909090909091
07309599-n	clip,time	0.2910798122065728	0.15492957746478875	0.16901408450704225	0.10328638497652584	0.028169014084507046	0.05633802816901409	0.0187793427230047	0.09859154929577466	0.07981220657276995
08058098-n	company	0.3225806451612903	0.22580645161290322	0.0967741935483871	0.0967741935483871	0.06451612903225806	0.03225806451612903	0.0967741935483871	0.0	0.06451612903225806
00309021-a	careful	0.25	0.25	0.0	0.25	0.0	0.0	0.25	0.0	0.0
00501990-r	in	0.23076923076923075	0.2115384615384615	0.07692307692307693	0.17307692307692304	0.019230769230769232	0.07692307692307693	0.038461538461538464	0.15384615384615385	0.019230769230769232
03544360-n	house	0.28571428571428575	0.14285714285714288	0.14285714285714288	0.14285714285714288	0.07142857142857144	0.0	0.07142857142857144	0.07142857142857144	0.07142857142857144
01587077-a	awful,nasty	0.25	0.25	0.1875	0.0625	0.1875	0.0	0.0625	0.0	0.0
06286395-n	word	0.19999999999999996	0.16666666666666663	0.19999999999999996	0.033333333333333326	0.06666666666666665	0.09999999999999998	0.09999999999999998	0.033333333333333326	0.09999999999999998
02769075-n	desktop	0.2272727272727272	0.0909090909090909	0.1818181818181818	0.1818181818181818	0.04545454545454545	0.04545454545454545	0.13636363636363635	0.04545454545454545	0.04545454545454545
02717102-v	take	0.5	0.0	0.0	0.0	0.0	0.0	0.5	0.0	0.0
02818832-n	bed	0.5	0.0	0.0	0.0	0.0	0.0	0.5	0.0	0.0
00007015-r	around,approximately,about,some	0.2714285714285714	0.14285714285714285	0.14285714285714285	0.11428571428571428	0.02857142857142857	0.04285714285714286	0.05714285714285714	0.08571428571428572	0.11428571428571428
04152593-n	screen	0.22277227722772278	0.1485148514851485	0.13861386138613863	0.16831683168316833	0.034653465346534656	0.07920792079207921	0.06435643564356436	0.054455445544554455	0.0891089108910891
01394922-a	smaller	0.28571428571428575	0.14285714285714288	0.14285714285714288	0.14285714285714288	0.0	0.0	0.28571428571428575	0.0	0.0
00227507-a	best	0.24786324786324784	0.1452991452991453	0.11965811965811965	0.13675213675213674	0.04273504273504273	0.10256410256410255	0.04273504273504273	0.10256410256410255	0.059829059829059825
13265011-n	gift	0.30434782608695654	0.13043478260869565	0.08695652173913043	0.08695652173913043	0.043478260869565216	0.13043478260869565	0.13043478260869565	0.08695652173913043	0.0
10080869-n	father	0.5	0.5	0.0	0.0	0.0	0.0	0.0	0.0	0.0
00146387-r	ever	0.2941176470588235	0.17647058823529407	0.12745098039215683	0.12745098039215683	0.029411764705882346	0.06862745098039215	0.03921568627450979	0.06862745098039215	0.06862745098039215
02199590-v	give	0.36363636363636365	0.4545454545454545	0.0	0.0	0.0	0.18181818181818182	0.0	0.0	0.0
15203791-n	yr,year	0.2574850299401198	0.22754491017964074	0.1317365269461078	0.12574850299401197	0.04790419161676648	0.041916167664670656	0.04790419161676648	0.05988023952095809	0.05988023952095809
00074095-r	ago	0.3255813953488372	0.23255813953488372	0.1627906976744186	0.11627906976744186	0.023255813953488372	0.046511627906976744	0.023255813953488372	0.023255813953488372	0.046511627906976744
13939892-n	point	0.49999999999999994	0.33333333333333326	0.0	0.16666666666666663	0.0	0.0	0.0	0.0	0.0
00031304-r	still	0.3275862068965517	0.2413793103448276	0.13793103448275862	0.08620689655172413	0.034482758620689655	0.06896551724137931	0.017241379310344827	0.017241379310344827	0.06896551724137931
13920835-n	condition	0.5	0.25	0.0	0.0	0.0	0.0	0.0	0.0	0.25
01210854-a	high	0.2692307692307692	0.19230769230769232	0.15384615384615385	0.07692307692307693	0.0	0.07692307692307693	0.0	0.15384615384615385	0.07692307692307693
04723816-n	quality	0.21250000000000005	0.21250000000000005	0.15000000000000005	0.08750000000000001	0.05000000000000002	0.05000000000000002	0.05000000000000002	0.06250000000000001	0.12500000000000003
01796582-v	regret	0.3076923076923077	0.23076923076923078	0.07692307692307693	0.15384615384615385	0.0	0.0	0.07692307692307693	0.15384615384615385	0.0
04424418-n	thing	0.2568306010928961	0.13114754098360654	0.1530054644808743	0.1366120218579235	0.04918032786885246	0.10382513661202185	0.027322404371584695	0.04918032786885246	0.09289617486338797
00230335-a	better	0.30864197530864196	0.17283950617283952	0.09876543209876544	0.16049382716049382	0.04938271604938272	0.07407407407407408	0.01234567901234568	0.04938271604938272	0.07407407407407408
02637938-v	wait	0.3	0.1	0.12	0.08	0.08	0.02	0.0	0.14	0.16
00518395-v	ease	0.5	0.0	0.0	0.0	0.0	0.0	0.0	0.5	0.0
05149325-n	purpose,use,function	0.3333333333333333	0.08333333333333333	0.10416666666666666	0.06249999999999999	0.020833333333333332	0.14583333333333331	0.041666666666666664	0.12499999999999999	0.08333333333333333
13296899-n	benefit	0.38461538461538464	0.07692307692307693	0.07692307692307693	0.15384615384615385	0.0	0.0	0.0	0.3076923076923077	0.0
01828736-v	love,enjoy	0.28108108108108104	0.12432432432432432	0.1081081081081081	0.1891891891891892	0.016216216216216214	0.08108108108108107	0.03783783783783783	0.1297297297297297	0.03243243243243243
02667900-v	meet,fit	0.21212121212121213	0.09090909090909091	0.15151515151515152	0.18181818181818182	0.030303030303030304	0.06060606060606061	0.15151515151515152	0.09090909090909091	0.030303030303030304
05944958-n	expectation	0.21428571428571427	0.14285714285714285	0.21428571428571427	0.07142857142857142	0.14285714285714285	0.0	0.0	0.14285714285714285	0.07142857142857142
01494310-v	place,put,set	0.31034482758620685	0.1379310344827586	0.10344827586206894	0.1379310344827586	0.0689655172413793	0.0	0.017241379310344824	0.18965517241379304	0.03448275862068965
03532342-n	hook	0.23076923076923078	0.15384615384615385	0.15384615384615385	0.07692307692307693	0.23076923076923078	0.0	0.0	0.15384615384615385	0.0
02569030-a	wireless	0.25000000000000006	0.03571428571428572	0.07142857142857144	0.10714285714285715	0.1785714285714286	0.07142857142857144	0.0	0.2142857142857143	0.07142857142857144
08434259-n	network,web	0.2	0.02857142857142857	0.14285714285714285	0.17142857142857143	0.22857142857142856	0.02857142857142857	0.0	0.17142857142857143	0.02857142857142857
00017445-r	even	0.2628205128205128	0.16666666666666666	0.16666666666666666	0.09615384615384615	0.044871794871794865	0.09615384615384615	0.044871794871794865	0.0641025641025641	0.05769230769230769
01013279-a	last	0.31249999999999994	0.12499999999999997	0.18749999999999994	0.062499999999999986	0.09374999999999997	0.062499999999999986	0.031249999999999993	0.062499999999999986	0.062499999999999986
01433493-a	long	0.2962962962962963	0.09259259259259259	0.14814814814814814	0.16666666666666666	0.05555555555555555	0.018518518518518517	0.037037037037037035	0.12962962962962962	0.05555555555555555
00336831-a	sure	0.3	0.1	0.2	0.0	0.1	0.0	0.0	0.1	0.2
09206985-n	upgrade	0.25	0.0	0.25	0.0	0.25	0.0	0.0	0.25	0.0
00634906-v	solve	0.2222222222222222	0.1111111111111111	0.1111111111111111	0.1111111111111111	0.2222222222222222	0.0	0.0	0.1111111111111111	0.1111111111111111
02627934-v	need,take,require,involve	0.22820512820512823	0.11282051282051284	0.1512820512820513	0.14871794871794872	0.043589743589743594	0.08461538461538462	0.07692307692307694	0.07692307692307694	0.07692307692307694
13963192-n	life	0.3055555555555556	0.1388888888888889	0.16666666666666666	0.16666666666666666	0.027777777777777776	0.05555555555555555	0.027777777777777776	0.05555555555555555	0.05555555555555555
01749320-a	perfect	0.2375	0.0625	0.1625	0.125	0.0375	0.1625	0.0875	0.0625	0.0625
01555732-a	most	0.2857142857142857	0.14285714285714285	0.2857142857142857	0.14285714285714285	0.0	0.0	0.14285714285714285	0.0	0.0
02232251-a	fine	0.2222222222222222	0.1111111111111111	0.2222222222222222	0.07407407407407407	0.07407407407407407	0.14814814814814814	0.037037037037037035	0.07407407407407407	0.037037037037037035
15282696-n	speed	0.25000000000000006	0.15384615384615388	0.2884615384615385	0.07692307692307694	0.0576923076923077	0.07692307692307694	0.0	0.0576923076923077	0.03846153846153847
05622956-n	capacity	0.3333333333333333	0.3333333333333333	0.3333333333333333	0.0	0.0	0.0	0.0	0.0	0.0
01654628-v	build	0.23076923076923078	0.23076923076923078	0.15384615384615385	0.19230769230769232	0.038461538461538464	0.07692307692307693	0.038461538461538464	0.0	0.038461538461538464
00588888-v	understand	0.2580645161290322	0.16129032258064513	0.16129032258064513	0.1290322580645161	0.032258064516129024	0.032258064516129024	0.032258064516129024	0.06451612903225805	0.1290322580645161
06511874-n	resolution	0.21052631578947367	0.10526315789473684	0.21052631578947367	0.10526315789473684	0.0	0.10526315789473684	0.15789473684210525	0.0	0.10526315789473684
02851099-n	screen	0.33333333333333337	0.16666666666666669	0.33333333333333337	0.0	0.16666666666666669	0.0	0.0	0.0	0.0
00145713-r	enough,plenty	0.2549019607843137	0.0784313725490196	0.11764705882352941	0.1568627450980392	0.0196078431372549	0.058823529411764705	0.13725490196078433	0.09803921568627451	0.0784313725490196
06256697-n	page	0.23076923076923078	0.15384615384615385	0.2692307692307692	0.07692307692307693	0.07692307692307693	0.0	0.0	0.11538461538461539	0.07692307692307693
00183053-a	available	0.375	0.125	0.125	0.125	0.125	0.0	0.0	0.125	0.0
14512817-n	setting	0.12500000000000003	0.12500000000000003	0.25000000000000006	0.12500000000000003	0.0	0.12500000000000003	0.12500000000000003	0.12500000000000003	0.0
00047534-r	also,besides	0.21105527638190955	0.1457286432160804	0.15577889447236182	0.1457286432160804	0.01507537688442211	0.10552763819095477	0.07537688442211055	0.10552763819095477	0.04020100502512563
00345761-v	begin,start	0.25641025641025644	0.20512820512820515	0.19230769230769235	0.07692307692307694	0.05128205128205129	0.07692307692307694	0.025641025641025644	0.06410256410256411	0.05128205128205129
00370263-v	overheat	0.33333333333333337	0.16666666666666669	0.16666666666666669	0.0	0.0	0.16666666666666669	0.0	0.0	0.16666666666666669
01553629-a	much	0.2597402597402597	0.0909090909090909	0.10389610389610389	0.12987012987012986	0.03896103896103896	0.07792207792207792	0.051948051948051945	0.12987012987012986	0.11688311688311687
07942152-n	people	0.2857142857142857	0.2571428571428571	0.05714285714285714	0.14285714285714285	0.0	0.11428571428571428	0.02857142857142857	0.02857142857142857	0.08571428571428572
01010862-a	first	0.2685185185185186	0.18518518518518517	0.09259259259259259	0.16666666666666669	0.03703703703703704	0.06481481481481483	0.03703703703703704	0.05555555555555556	0.09259259259259259
01791911-a	plain	0.0	0.0	0.3333333333333333	0.0	0.3333333333333333	0.0	0.3333333333333333	0.0	0.0
02174896-a	simple	0.2727272727272727	0.030303030303030304	0.12121212121212122	0.12121212121212122	0.06060606060606061	0.09090909090909091	0.06060606060606061	0.09090909090909091	0.15151515151515152
01926311-v	run	0.20652173913043473	0.10869565217391303	0.21739130434782605	0.10869565217391303	0.010869565217391302	0.09782608695652172	0.11956521739130432	0.06521739130434781	0.06521739130434781
03679986-n	load	0.15999999999999998	0.11999999999999998	0.19999999999999998	0.15999999999999998	0.039999999999999994	0.07999999999999999	0.07999999999999999	0.07999999999999999	0.07999999999999999
01409177-v	hook	0.0	0.0	0.3333333333333333	0.0	0.3333333333333333	0.0	0.3333333333333333	0.0	0.0
04004475-n	printer	0.19230769230769235	0.03846153846153847	0.15384615384615388	0.1153846153846154	0.1153846153846154	0.03846153846153847	0.03846153846153847	0.19230769230769235	0.1153846153846154
03505667-n	headset	0.0	0.0	0.3333333333333333	0.0	0.3333333333333333	0.0	0.3333333333333333	0.0	0.0
07543288-n	love	0.2745098039215686	0.1372549019607843	0.1176470588235294	0.15686274509803919	0.039215686274509796	0.0588235294117647	0.0588235294117647	0.0980392156862745	0.0588235294117647
00028651-n	space	0.15789473684210525	0.0	0.2631578947368421	0.10526315789473684	0.05263157894736842	0.10526315789473684	0.15789473684210525	0.10526315789473684	0.05263157894736842
01959294-a	regular	0.125	0.125	0.1875	0.1875	0.0625	0.0625	0.0625	0.0625	0.125
00781652-v	hook	0.16666666666666663	0.16666666666666663	0.16666666666666663	0.16666666666666663	0.0	0.0	0.0	0.16666666666666663	0.16666666666666663
00282675-a	sleek,slick	0.19999999999999998	0.15999999999999998	0.11999999999999998	0.19999999999999998	0.039999999999999994	0.039999999999999994	0.11999999999999998	0.07999999999999999	0.039999999999999994
04679738-n	look	0.23809523809523814	0.14285714285714288	0.14285714285714288	0.23809523809523814	0.0	0.0	0.04761904761904762	0.09523809523809525	0.09523809523809525
04670022-n	dependability,reliability	0.25	0.125	0.125	0.125	0.0	0.0	0.0	0.25	0.125
02148788-v	show	0.25	0.16666666666666666	0.08333333333333333	0.25	0.08333333333333333	0.0	0.0	0.08333333333333333	0.08333333333333333
01999798-v	lead,take	0.23076923076923078	0.15384615384615385	0.11538461538461539	0.19230769230769232	0.0	0.038461538461538464	0.0	0.15384615384615385	0.11538461538461539
09222051-n	bit	0.2	0.08571428571428572	0.14285714285714285	0.14285714285714285	0.0	0.11428571428571428	0.05714285714285714	0.11428571428571428	0.14285714285714285
00299580-v	accommodate,adapt	0.2222222222222222	0.1111111111111111	0.1111111111111111	0.2222222222222222	0.0	0.0	0.0	0.2222222222222222	0.1111111111111111
05269901-n	os	0.1	0.2	0.25	0.2	0.0	0.05	0.0	0.15	0.05
02154508-v	find,notice,discover	0.25	0.10344827586206896	0.15517241379310345	0.15517241379310345	0.06896551724137931	0.09482758620689655	0.0603448275862069	0.05172413793103448	0.0603448275862069
00928077-n	design	0.20588235294117646	0.11764705882352941	0.058823529411764705	0.2647058823529412	0.0	0.08823529411764706	0.0	0.17647058823529413	0.08823529411764706
02406370-a	edgy	0.16666666666666663	0.16666666666666663	0.16666666666666663	0.16666666666666663	0.0	0.0	0.0	0.16666666666666663	0.16666666666666663
01439496-a	durable	0.15	0.15	0.15	0.1	0.0	0.15	0.05	0.15	0.1
03211117-n	display	0.25000000000000006	0.07142857142857144	0.1785714285714286	0.1785714285714286	0.03571428571428572	0.07142857142857144	0.0	0.10714285714285715	0.10714285714285715
03931044-n	icon,picture,image	0.21818181818181817	0.10909090909090909	0.07272727272727274	0.14545454545454548	0.05454545454545454	0.07272727272727274	0.09090909090909091	0.16363636363636364	0.07272727272727274
02081946-v	pop	0.16666666666666666	0.16666666666666666	0.16666666666666666	0.08333333333333333	0.08333333333333333	0.0	0.0	0.16666666666666666	0.16666666666666666
00059086-r	much	0.2638888888888889	0.1388888888888889	0.1527777777777778	0.16666666666666666	0.0	0.1388888888888889	0.05555555555555555	0.06944444444444445	0.013888888888888888
00598954-v	see,learn	0.28	0.12	0.08	0.24	0.04	0.04	0.0	0.12	0.08
05566504-n	finger	0.33333333333333326	0.16666666666666663	0.16666666666666663	0.08333333333333331	0.0	0.0	0.0	0.08333333333333331	0.16666666666666663
05790944-n	choice,option	0.2222222222222222	0.2222222222222222	0.1111111111111111	0.2222222222222222	0.0	0.0	0.0	0.1111111111111111	0.1111111111111111
03794655-n	mousepad	0.1111111111111111	0.1111111111111111	0.1111111111111111	0.2222222222222222	0.0	0.0	0.1111111111111111	0.2222222222222222	0.1111111111111111
02255462-v	allow,grant	0.16666666666666663	0.16666666666666663	0.16666666666666663	0.16666666666666663	0.0	0.0	0.0	0.16666666666666663	0.16666666666666663
06598648-n	browsing	0.10000000000000002	0.20000000000000004	0.20000000000000004	0.10000000000000002	0.0	0.10000000000000002	0.10000000000000002	0.10000000000000002	0.10000000000000002
04604276-n	web	0.17391304347826086	0.13043478260869565	0.17391304347826086	0.13043478260869565	0.0	0.15217391304347827	0.08695652173913043	0.06521739130434782	0.08695652173913043
01640850-a	new	0.2826086956521739	0.18115942028985507	0.16666666666666666	0.12318840579710146	0.036231884057971016	0.07246376811594203	0.007246376811594203	0.07971014492753623	0.050724637681159424
00142665-n	comparison	0.21428571428571427	0.14285714285714285	0.21428571428571427	0.14285714285714285	0.0	0.07142857142857142	0.0	0.07142857142857142	0.14285714285714285
00127137-a	previous	0.2777777777777778	0.16666666666666666	0.1111111111111111	0.16666666666666666	0.0	0.05555555555555555	0.0	0.1111111111111111	0.1111111111111111
08663703-n	desktop	0.25	0.08333333333333333	0.16666666666666666	0.16666666666666666	0.0	0.08333333333333333	0.08333333333333333	0.08333333333333333	0.08333333333333333
02872752-n	boot	0.21212121212121213	0.09090909090909091	0.21212121212121213	0.18181818181818182	0.06060606060606061	0.09090909090909091	0.030303030303030304	0.06060606060606061	0.06060606060606061
00365668-r	noticeably	0.16666666666666663	0.16666666666666663	0.16666666666666663	0.16666666666666663	0.0	0.0	0.0	0.16666666666666663	0.16666666666666663
01277097-a	key	0.2777777777777778	0.05555555555555555	0.05555555555555555	0.16666666666666666	0.0	0.1111111111111111	0.0	0.16666666666666666	0.16666666666666666
10670310-n	contributor	0.16666666666666663	0.16666666666666663	0.16666666666666663	0.16666666666666663	0.0	0.0	0.0	0.16666666666666663	0.16666666666666663
02743547-n	art	0.25	0.25	0.08333333333333333	0.08333333333333333	0.0	0.16666666666666666	0.0	0.08333333333333333	0.08333333333333333
05850624-n	aspect	0.16666666666666663	0.16666666666666663	0.16666666666666663	0.16666666666666663	0.0	0.0	0.0	0.16666666666666663	0.16666666666666663
02624263-v	develop,arise	0.25	0.25	0.08333333333333333	0.25	0.0	0.0	0.0	0.08333333333333333	0.08333333333333333
02343110-a	excellent	0.2127659574468085	0.1276595744680851	0.1276595744680851	0.23404255319148937	0.0	0.1276595744680851	0.02127659574468085	0.10638297872340426	0.0425531914893617
01109914-a	proprietary	0.1111111111111111	0.1111111111111111	0.2222222222222222	0.2222222222222222	0.0	0.0	0.0	0.2222222222222222	0.1111111111111111
06566077-n	software,package	0.24193548387096772	0.1532258064516129	0.14516129032258063	0.16935483870967738	0.032258064516129024	0.08064516129032256	0.0564516129032258	0.08064516129032256	0.04032258064516128
06427831-n	editing	0.125	0.1875	0.21875	0.09375	0.0	0.09375	0.125	0.09375	0.0625
06277803-n	video	0.15	0.05	0.2	0.2	0.0	0.15	0.1	0.1	0.05
02133435-v	look,seem	0.2537313432835821	0.15671641791044777	0.1417910447761194	0.15671641791044777	0.007462686567164179	0.1044776119402985	0.03731343283582089	0.07462686567164178	0.06716417910447761
00074641-r	forward	0.18181818181818182	0.18181818181818182	0.18181818181818182	0.18181818181818182	0.0	0.0	0.09090909090909091	0.09090909090909091	0.09090909090909091
04451818-n	tool	0.1875	0.125	0.0625	0.1875	0.0625	0.125	0.0	0.1875	0.0625
01772960-v	excite	0.16666666666666663	0.16666666666666663	0.16666666666666663	0.16666666666666663	0.0	0.0	0.0	0.16666666666666663	0.16666666666666663
01825671-a	powerful	0.14285714285714285	0.09523809523809523	0.19047619047619047	0.19047619047619047	0.047619047619047616	0.047619047619047616	0.09523809523809523	0.14285714285714285	0.047619047619047616
02296726-v	offer	0.24999999999999997	0.24999999999999997	0.15624999999999997	0.18749999999999997	0.0	0.0	0.0	0.12499999999999999	0.031249999999999997
02554922-v	encourage	0.16666666666666663	0.16666666666666663	0.16666666666666663	0.16666666666666663	0.0	0.0	0.0	0.16666666666666663	0.16666666666666663
00933154-a	expensive	0.2222222222222222	0.2222222222222222	0.1111111111111111	0.14814814814814814	0.0	0.07407407407407407	0.0	0.1111111111111111	0.1111111111111111
01437963-a	long	0.2857142857142857	0.11428571428571428	0.11428571428571428	0.17142857142857143	0.05714285714285714	0.02857142857142857	0.08571428571428572	0.05714285714285714	0.08571428571428572
00791078-n	trial,run	0.2666666666666667	0.13333333333333336	0.20000000000000004	0.13333333333333336	0.06666666666666668	0.0	0.0	0.13333333333333336	0.06666666666666668
03748886-n	product	0.31097560975609756	0.16463414634146342	0.10975609756097561	0.11585365853658537	0.03048780487804878	0.06097560975609756	0.018292682926829267	0.06707317073170732	0.12195121951219512
05164521-n	drawback	0.23076923076923078	0.07692307692307693	0.15384615384615385	0.15384615384615385	0.0	0.07692307692307693	0.07692307692307693	0.15384615384615385	0.07692307692307693
01824339-v	wish	0.23333333333333334	0.03333333333333333	0.13333333333333333	0.16666666666666666	0.06666666666666667	0.1	0.03333333333333333	0.13333333333333333	0.1
03613294-n	key	0.23076923076923078	0.1282051282051282	0.1794871794871795	0.05128205128205128	0.07692307692307693	0.10256410256410256	0.0	0.1282051282051282	0.10256410256410256
01361414-a	glad	0.36363636363636365	0.045454545454545456	0.18181818181818182	0.09090909090909091	0.0	0.045454545454545456	0.09090909090909091	0.09090909090909091	0.09090909090909091
02502016-a	worth	0.23076923076923078	0.23076923076923078	0.15384615384615385	0.0	0.0	0.07692307692307693	0.07692307692307693	0.15384615384615385	0.07692307692307693
01581305-a	extra	0.22499999999999995	0.14999999999999997	0.17499999999999996	0.14999999999999997	0.04999999999999999	0.04999999999999999	0.0	0.09999999999999998	0.09999999999999998
13661273-n	dollar	0.2666666666666667	0.13333333333333336	0.20000000000000004	0.06666666666666668	0.0	0.0	0.0	0.06666666666666668	0.2666666666666667
05616246-n	ability,power	0.303030303030303	0.10606060606060605	0.1515151515151515	0.1212121212121212	0.01515151515151515	0.07575757575757575	0.0909090909090909	0.1212121212121212	0.01515151515151515
02405390-v	replace	0.2295081967213115	0.2295081967213115	0.19672131147540986	0.09836065573770493	0.03278688524590165	0.09836065573770493	0.0655737704918033	0.03278688524590165	0.016393442622950824
