02984781-a	corporate	0.18383231067001632	0.2140592183832311	0.19293332784252398	0.22880204258122838	0.18037310052300004
07942152-n	people	0.18341631838162126	0.2076958613739971	0.20190897130059066	0.22577786663135244	0.18120098231243853
01278818-a	outstanding,great	0.1823935305234478	0.21166439590383693	0.20247879400518606	0.22023469432602258	0.18322858524150656
13296899-n	benefit	0.18319739764076112	0.20978465341491634	0.19613449144657877	0.2328676885046672	0.17801576899307658
01343918-a	interesting	0.1834590438176861	0.2074076248055645	0.2049716784550814	0.21803187274381403	0.18612978017785403
03748886-n	product,merchandise,ware	0.18848585358554465	0.2087359876304604	0.19839894260383725	0.22535755701585086	0.17902165916430693
01097292-n	market,marketplace	0.18868284008637137	0.20824336339387753	0.2047504128032517	0.22202464117871168	0.1762987425377877
01051331-n	positioning,position	0.17674418604651168	0.186046511627907	0.19999999999999998	0.2558139534883721	0.18139534883720934
00027167-n	location	0.18755108456460276	0.20515561144294236	0.2009430996541969	0.22458346431939605	0.18176674001886187
02604760-v	be	0.1823316274473586	0.2061243181142603	0.2014003261803968	0.22798483180820725	0.18215889644977706
00406243-v	prepare,set	0.164500406173842	0.20904413755754123	0.20904413755754145	0.2353100460330361	0.18210127267803916
01514374-a	intensive	0.1889655172413793	0.20689655172413793	0.20413793103448277	0.2165517241379311	0.18344827586206897
00964343-n	combat	0.23076923076923078	0.19230769230769235	0.19230769230769235	0.2692307692307693	0.11538461538461542
05399847-n	blood	0.17375231053604434	0.188539741219963	0.2088724584103512	0.26987060998151585	0.15896487985212565
02808440-n	bath	0.25	0.08333333333333334	0.16666666666666669	0.33333333333333337	0.16666666666666669
00339934-v	occur,happen,pass	0.18277027027027049	0.20304054054054071	0.20313706563706574	0.233783783783783	0.17726833976834017
00083393-r	twice,doubly,double	0.17278373800112934	0.20158102766798422	0.20158102766798414	0.25070581592320706	0.17334839073969516
15203791-n	year,yr	0.18086974137348671	0.2027258198843041	0.20598960091836108	0.2345420577576735	0.17587278006617468
05216365-n	body	0.17308411214953281	0.200373831775701	0.20373831775700926	0.2493457943925232	0.17345794392523373
00173338-v	withdraw,remove,take	0.19416630387461903	0.1998258598171528	0.2059207662168046	0.23465389638659104	0.16543317370483254
15227846-n	hr,hour	0.1717475366452067	0.2077696843565723	0.20460939607661893	0.23203710127054655	0.18383628165105556
06656408-n	policy	0.18650242886884097	0.20706106870229002	0.20480569049271363	0.22545107564191563	0.1761797362942398
00409709-r	close,near	0.18089990817263543	0.2072237526782981	0.20202020202020202	0.22956841138659312	0.18028772574227128
02989754-a	medieval	0.19047619047619047	0.09523809523809523	0.14285714285714288	0.42857142857142855	0.14285714285714288
04835260-n	narcissism	0.20930232558139533	0.11627906976744183	0.20930232558139533	0.32558139534883723	0.1395348837209302
00694068-v	respect,prise,value,prize	0.1836016632903292	0.2066318370828445	0.20417955005864175	0.2205992110033058	0.18498773856487882
02743547-n	art	0.180841539838854	0.2094897045658012	0.1996418979409132	0.2282900626678603	0.1817367949865712
05839024-n	form,variety,sort,kind	0.1857239512855213	0.20399188092016243	0.20495843804368827	0.2247728590759709	0.18055287067465714
01852174-a	primary	0.1842424242424242	0.19393939393939394	0.20363636363636364	0.23757575757575758	0.1806060606060606
01133281-n	direction,management	0.18686394238296217	0.2058727244260343	0.20061346200378666	0.23882317776165812	0.16782669342555867
00023773-n	motivation,motive,need	0.19192946761614105	0.20413699559172604	0.20345879959308238	0.2258392675483214	0.17463546965072915
00643250-a	creative	0.18627348095288065	0.21628712351768264	0.19487879105887285	0.21796620841641337	0.18459439605415037
13934596-n	environment	0.1836256024041171	0.21286472553582528	0.20235891985658438	0.2149658866716789	0.1861848655317943
01525666-v	operate,function,run,work	0.18552331268340208	0.20877177381905077	0.20390076177490674	0.21746648091610896	0.18433767080653157
05138488-n	value	0.1830047586675735	0.2101971447994561	0.20258327668252882	0.22352141400407818	0.18069340584636334
05624700-n	creativity	0.19152360515021438	0.20600858369098715	0.20305793991416304	0.2202253218884121	0.17918454935622322
02883344-n	box	0.19990248659190626	0.20209653827401267	0.20014627011214037	0.2247684056557779	0.17308629936616277
05770926-n	thinking	0.17673611111111112	0.20555555555555563	0.20937499999999998	0.23020833333333318	0.17812500000000003
01123148-a	good	0.18867360697756957	0.2059110069119677	0.20209424083769764	0.2237096245186336	0.17961152075413156
10053808-n	employee	0.18411658271797907	0.2079502665166983	0.19988752506235105	0.22871534060346066	0.17933028509951102
02627934-v	demand,need,ask,require,take,involve,necessitate	0.17923414136156837	0.20790546536688062	0.205043003649806	0.22451308124988176	0.18330430837186323
02506029-a	constant	0.17237316329359573	0.20626559467701702	0.2085528139728308	0.2336429165511503	0.17916551150540622
00153961-n	validation	0.15254237288135594	0.19209039548022602	0.20903954802259886	0.2598870056497175	0.18644067796610173
05564590-n	hand	0.18039377383774846	0.20513349139263973	0.20698897020925683	0.22616225131429793	0.18132151324605694
13244109-n	property,holding,belongings	0.18148148148148144	0.19814814814814818	0.20370370370370366	0.2277777777777778	0.18888888888888888
02525447-v	work	0.18355615836724157	0.2109410320997223	0.20202803074339606	0.21681844603758904	0.18665633275205115
02005948-v	come,arrive,get	0.18119401627790555	0.20753573106594567	0.20421649312660045	0.22826960093363202	0.17878415859591648
00155621-r	mostly,generally	0.18429720827258508	0.20740860737620825	0.2002807926993901	0.22814406825422456	0.17986932339759207
01586342-a	nice	0.19095837168865745	0.20859159251304082	0.1989362790221943	0.21699907947223027	0.18451467730387716
00438707-a	smart	0.18135156259113538	0.20369095808592713	0.2080071859360969	0.22359226811941088	0.1833580252674297
01825237-v	want,desire	0.18263140711720496	0.20538687561214453	0.2031831537708133	0.22807704864512	0.18072151485471719
02129289-v	see	0.1824081981212642	0.20209222886421868	0.20350128095644757	0.2307429547395382	0.1812553373185315
02524171-v	succeed	0.1807797745964056	0.20484313128236367	0.20743222662199204	0.22266219920804167	0.18428266829119694
13774404-n	wad,deal,stack,plenty,batch,pile,heap,pot,mint,slew,mountain,lot,sight,mass,mess,flock	0.18153792334434066	0.20651988543192476	0.20790169884338733	0.22204342217460282	0.18199707020574435
13992514-n	autonomy,liberty	0.1840772014475271	0.209167671893848	0.20711700844390837	0.2106151990349821	0.18902291917973454
05022457-n	flexibility	0.19024194932219882	0.21089057942000794	0.19996568094720604	0.21523765944059892	0.18366413086998817
01386883-a	great	0.18467528813894674	0.2122935291071946	0.19947804278014072	0.21876412262402362	0.18478901734969433
13298011-n	perquisite,perk	0.18665596289358663	0.21052537686201123	0.1985371510123976	0.2206582820444217	0.18362322718758284
08337324-n	office,bureau,agency	0.18931373770083473	0.2049757130402295	0.199651264167393	0.22278615020550385	0.18327313488603897
03315023-n	installation,facility	0.18565543324103478	0.2080772607550484	0.19963530762477213	0.22766259201728895	0.17896940636185577
14037011-n	excitement	0.1672955974842767	0.21761006289308177	0.2025157232704403	0.2238993710691824	0.18867924528301888
08058098-n	company	0.18655505044905932	0.20865727907750461	0.20279188380086327	0.21842111098789854	0.18357467568467428
02560548-a	wide,broad	0.18497109826589575	0.2036173783330226	0.20827894834980437	0.22095841879545047	0.18217415625582684
02020590-v	gain,hit,reach	0.18168628083185553	0.20538449137514111	0.20731903917459277	0.23085603740125776	0.1747541512171528
07338552-n	impact	0.18508765601327531	0.20528821874323655	0.2067311160810905	0.2156410071423411	0.18725200202005665
04654066-n	openness	0.19365798414496038	0.21291053227633058	0.19592298980747452	0.20838052095130238	0.1891279728199321
06252138-n	communication	0.19030824575015876	0.20554419129576063	0.20039500599562698	0.22734005784016356	0.17641249911829013
02099774-a	senior	0.1854855195911423	0.20425894378194207	0.2059284497444628	0.230459965928448	0.17386712095400472
02321009-a	strong	0.17767562706105774	0.2108024382931946	0.2047566703307684	0.21854701708803764	0.1882182472269416
05651971-n	sense	0.18455834945196634	0.20567375886524802	0.1989039329464861	0.22775628626692504	0.1831076724693744
07541558-n	optimism	0.1774193548387097	0.2177419354838709	0.20161290322580647	0.2258064516129032	0.17741935483870966
15121625-n	future	0.18507173948089628	0.20780267612445577	0.20087054650975333	0.22182814767048226	0.18442689021441233
05684440-n	distraction	0.18398637137989773	0.20954003407155025	0.21635434412265758	0.20954003407155025	0.1805792163543441
02064745-a	different	0.1863540317633434	0.20712062345216198	0.2065071683366271	0.22068479767341354	0.17933337877445396
04424418-n	thing	0.18330780665795618	0.20606784089373364	0.20525699355826854	0.22275778188206952	0.18260957700797203
00744916-a	hard,difficult	0.18039046058377461	0.21242419957244016	0.1978671901644519	0.2240115790612029	0.18530657061813044
00660381-v	prioritise,prioritize	0.17606747496046393	0.20875065893516084	0.2108592514496573	0.21665788086452284	0.18766473379019505
00581241-n	workload	0.16226108174054465	0.21336586688355708	0.21024806832045553	0.2224481496543314	0.1916768334011114
00021878-r	sometimes	0.1840376731639655	0.21128670923693654	0.2036667327064637	0.21249066552875104	0.18851821936388327
00230746-v	grow	0.18006561095135903	0.2125673322263181	0.20857802438135345	0.2130533392734184	0.1857356931675511
01023820-n	process,procedure	0.1856070087609504	0.20518505274450236	0.20657965313785054	0.22292150902914468	0.17970677632755191
00182406-v	add	0.1897486446525382	0.2032199770001643	0.20256283883686543	0.22736980450139674	0.17709873500903547
00126264-v	change,alter,modify	0.18487570019906568	0.20508309800472227	0.20605527521873962	0.22667932040183134	0.1773066061756411
07309599-n	time,clip	0.18313604839129932	0.207155707357771	0.2010872399228249	0.2255110288366333	0.18310997549147157
02558172-v	spoil,frustrate	0.18298042349180985	0.20974830203755487	0.20055932880543345	0.21973631642029556	0.18697562924490616
04640538-n	patience	0.18827415359207278	0.21717588769611887	0.1965317919075144	0.2113955408753096	0.1866226259289843
05020697-n	resilience,resiliency	0.18181818181818182	0.21818181818181814	0.19090909090909092	0.21818181818181814	0.19090909090909092
02343110-a	fantabulous,excellent,first-class	0.18508248671824037	0.2118557181470783	0.20025165439463133	0.21742473669493848	0.18538540404511147
08664443-n	spot,place	0.1853687854840232	0.20958857159887065	0.20449725068670907	0.21494315105576758	0.1856022411746295
02413480-v	work	0.18172785232158123	0.20961786310121502	0.2040330083627867	0.21945659020764877	0.18516468600676828
08518374-n	campus	0.19050704681678274	0.20079377936173648	0.2005507856795723	0.22776607808197	0.18038231005993838
01676517-a	tremendous,grand,terrific,wonderful,fantastic,marvelous	0.18692123783547177	0.21288345624137134	0.19776408391419995	0.2163518200491627	0.18607940195979422
13331778-n	resource	0.18280103701252196	0.2035964476805118	0.2067405813889349	0.2296872414363721	0.17717469248165926
01256417-n	leadership	0.17955054767838835	0.2084109996439573	0.20761513812386023	0.2266948708819388	0.17772844367185534
00575741-n	work	0.18055704663526725	0.20818065973664576	0.20589814084402047	0.2222258526771742	0.18313830010689222
13963192-n	life	0.17599880068960297	0.20808035379656695	0.20987931939135027	0.22621992354396248	0.1798216025785173
14002279-n	balance	0.1723957008394747	0.21033134062579514	0.20931378784024626	0.2239411091325425	0.18401806156194137
00512487-a	competitive	0.17943148806776615	0.20487063231341515	0.20704259767056632	0.22373958135367622	0.18491570059457613
13282550-n	compensation	0.1826652904409665	0.2053156717701706	0.20491427260737372	0.22509891622225936	0.18200584895922972
10014939-n	director,manager	0.18069763541840966	0.2039912795572682	0.20336240147576748	0.24191682039243026	0.17003186315612434
08497294-n	area,country	0.18636267082064806	0.2025773560858177	0.20611768037952205	0.22619131912483043	0.17875097358918174
00007015-r	approximately,some,around,about,roughly	0.18362781169557454	0.20533969460504847	0.2052857855227156	0.2254747368562941	0.18027197132036746
06125041-n	engineering,technology	0.19282238442822383	0.19920924574209242	0.2031630170316301	0.22597323600973238	0.1788321167883213
00149510-r	really,actually	0.18519923045617526	0.20808206000961896	0.2006456028709899	0.2223167708757303	0.1837563357874857
00222180-r	behind	0.17913486005089055	0.20254452926208663	0.21119592875318066	0.22951653944020345	0.17760814249363868
15270431-n	time	0.183794466403162	0.21523535752784775	0.1981674452030183	0.21487603305785122	0.18792669780812077
01387319-a	huge,immense,vast	0.17957708295680555	0.20661485631664553	0.20741008494487587	0.22313392373034419	0.1832640520513288
00248977-n	improvement	0.18045381454350534	0.2090405574414865	0.21029122744327317	0.2154725745935323	0.18474182597820263
00120316-v	make,get	0.18255791991941323	0.20646562578695446	0.20312893477713478	0.22745372702090821	0.1803937924955893
00031304-r	still	0.18895793343527342	0.20457429157042026	0.2021342356118032	0.22298858053811266	0.18134495884439045
04928903-n	fashion,mode,style,manner,way	0.18378614770677293	0.20424934856684712	0.20417646094134306	0.23008801180779567	0.1777000309772412
01835496-v	go,travel,move	0.1839554977876827	0.2066645564931601	0.2004619933058109	0.22933994221717174	0.17957801019617448
01439190-v	catch,grab	0.18039538714991754	0.19934102141680396	0.21581548599670503	0.21499176276771004	0.18945634266886321
08285246-n	tech	0.18565670271780374	0.20752683880751888	0.20541166141198086	0.2184619068523757	0.1829428902103208
08059870-n	firm	0.18725274725274718	0.20703296703296709	0.2083516483516484	0.21142857142857127	0.185934065934066
01323958-v	kill	0.18632958801498142	0.1961610486891386	0.20271535580524336	0.25093632958801476	0.1638576779026219
00795720-n	labor,task,project	0.1839673483465779	0.2024776166592418	0.2081830332121354	0.2218214218990284	0.18355057988301646
00246217-v	double	0.18092909535452323	0.19804400977995107	0.21515892420537897	0.2200488997555012	0.1858190709046454
01050890-a	pathetic,miserable,pitiful,hapless,poor,pitiable	0.1695276790248851	0.19593702386998454	0.21350939563230084	0.2552564753682084	0.16576942610462114
13840719-n	politics	0.19299394336225245	0.19905058110983812	0.2040704970808098	0.23680907950019026	0.16707589894690936
01117541-n	sale	0.19257078893909912	0.21379710625595924	0.1929439077981847	0.2236640271962178	0.17702416981053923
02067719-a	diverse	0.18498659517426255	0.21420911528150136	0.20348525469168907	0.21890080428954461	0.1784182305630025
08287844-n	culture	0.18429177439192676	0.20920454830693117	0.20316775019453512	0.2191947589045961	0.18414116820201074
01119192-a	gifted,talented	0.1799295949229017	0.2112152312955525	0.20348058902275762	0.22118102037780696	0.1841935643809812
01687586-a	innovative,groundbreaking	0.17810939286359026	0.20873698778506514	0.21060232264275827	0.21541609001744946	0.18713520669113687
00577525-n	service	0.18191423470689017	0.21244580464167326	0.2010055743797137	0.22009691405253634	0.18453747221918648
13333237-n	investment	0.17435622317596575	0.2049356223175966	0.20976394849785404	0.22961373390557926	0.18133047210300438
09247410-n	cloud	0.1852177738671358	0.20501539815222175	0.2105880627658015	0.21293444786625637	0.18624431734858465
01871979-v	force,push	0.17445403758252911	0.20484171322160116	0.20848146267140705	0.23065854071440692	0.18156424581005573
00084223-r	especially,specially,particularly	0.1810157244324015	0.206265139384982	0.2037196699100876	0.22864063718848693	0.18035882908404202
02410855-v	work	0.18450499168053147	0.2128015806988346	0.19810732113144786	0.21761647254575997	0.18696963394342617
03504420-n	headquarters,hq	0.18364550022841486	0.2092279579716766	0.20146185472818634	0.21973503883051615	0.18592964824120609
00026192-n	feeling	0.17383778437190892	0.20647873392680513	0.20499505440158253	0.2294757665677548	0.18521266073194853
00689344-v	think,believe,conceive	0.18743158523236134	0.20623942680863824	0.20108966066275236	0.2198975022390274	0.18534182505722077
00582388-n	line,occupation,job,business	0.18531654172064277	0.2086510077091332	0.19734215388536172	0.2260496527704087	0.1826406439144535
00631391-a	right,correct	0.18581113801452834	0.20508474576271182	0.2070217917675544	0.22372881355932117	0.17835351089588425
02671880-v	satisfy,fulfill	0.1890424481737414	0.2137216189536031	0.20187561697926945	0.2082922013820336	0.18706811451135238
10104209-n	foreman,chief,boss,honcho	0.18079902160619632	0.19853240929474117	0.21096616388096193	0.23562984101100726	0.17407256420709333
00492677-a	common	0.19328193832599116	0.20429515418502203	0.19933920704845814	0.23017621145374437	0.17290748898678426
00869126-v	challenge	0.1733445360499926	0.21099616657039347	0.21110119203906935	0.2149346216457486	0.1896234836947959
00019339-r	always,ever	0.17869117099217585	0.21188790926776765	0.2047408143273038	0.21880044703837248	0.18587965837438014
00064787-a	beneficial,good	0.17785630153121312	0.20612485276796233	0.20023557126030628	0.2190812720848057	0.19670200235571256
05996646-n	discipline,subject,field	0.18387799564270127	0.20566448801742915	0.20592592592592598	0.22204793028322484	0.18248366013071884
08208560-n	squad,team	0.18517504859357706	0.2047018476730914	0.2082206930449751	0.22210058312295397	0.17980182756540236
09984659-n	customer,client	0.18220470807839712	0.21705806378626033	0.1970152630735428	0.219660045440409	0.18406191962139065
10640620-n	partner,mate,spouse	0.1865707434052758	0.20167865707434057	0.20839328537170249	0.22781774580335742	0.1755395683453237
13240514-n	ownership	0.17155922702463472	0.20947042336627822	0.21891134385602593	0.21094556719280158	0.18911343856025956
00583246-n	career,vocation	0.18798663786607608	0.20971266388707535	0.20170040689204757	0.21908122770884822	0.1815190636459526
05980875-n	goal,end	0.179064824654623	0.20584484590860821	0.20727948990435702	0.23049946865037113	0.1773113708820407
14449405-n	deficiency,lack,want	0.18623962040332168	0.20458679319889336	0.19905100830367758	0.24310003954131895	0.16702253855278842
06650431-n	certification,corroboration,documentation	0.17993840739111316	0.20105587329520463	0.2124945006599208	0.23097228332600087	0.17553893532776066
01551633-a	many	0.18654802503975385	0.20402253945783944	0.20554845707667294	0.22578984621324802	0.17809113221248574
00024073-r	not	0.18514348403487585	0.20445753219008203	0.20095188603763262	0.23072513259590555	0.1787219651415039
01125429-a	bad	0.1822846943328875	0.2001744351141948	0.20776033426635693	0.23473692750801092	0.17504360877854983
02251743-v	pay	0.18324189800492172	0.20762006902336047	0.19921901854830892	0.23080201845206388	0.17911699597134503
00035718-r	reasonably,pretty,fairly,moderately,somewhat	0.18585648973768737	0.20764566648292843	0.20064200252910078	0.2241172465224852	0.1817385947277984
02529945-a	cool	0.18454826764064333	0.21391974838938732	0.200629026530716	0.21995637396641773	0.18094658347283554
02067491-a	diverse,various	0.18342352606095116	0.21304471660495605	0.19823412133295348	0.22272856735972665	0.18256906864141262
15155220-n	day	0.17400516847034841	0.20836262463241378	0.20264958365099867	0.23237323880907984	0.1826093844371592
15169873-n	week	0.17039403620873383	0.2044119884375481	0.206937471474212	0.23809523809523586	0.18016126578427016
15122231-n	time	0.1721137785755255	0.21182658988357933	0.19908757759329856	0.23373968538877385	0.1832323685588227
01433493-a	long	0.16830655699900157	0.20906679990775626	0.20735644553770374	0.22974479206703077	0.1855254054885077
13940456-n	pinnacle,peak,summit,height,top	0.16614745586708177	0.20803046036690911	0.20820353063343705	0.23433714087919724	0.18328141225337474
02210855-v	acquire,get	0.18283126925382823	0.20647342196125354	0.20193520375462826	0.2267196642338818	0.18204044079640816
02541302-a	ill,sick	0.17157275021026083	0.21194280908326318	0.1942809083263246	0.2481076534903281	0.17409587888982328
00147876-r	easily,easy	0.1770182530932252	0.20470415288496865	0.20764424843807439	0.22626485360774273	0.184368491975989
02336109-a	decent,adequate,enough	0.18739750220764465	0.20676170051721998	0.20058029519364187	0.22341364955216333	0.18184685252933033
00014742-v	sleep	0.14107485604606518	0.2024952015355087	0.21497120921305182	0.2600767754318618	0.18138195777351254
01553629-a	much	0.18489622556255061	0.2062385155285113	0.2027743470795554	0.22542699641534092	0.1806639154140418
05702275-n	attention	0.18932770575821525	0.20470304492010857	0.2037986132047029	0.22369611094362377	0.17847452517334947
00031899-r	really,very,real	0.18049542102915225	0.20880894276942424	0.20312787005694177	0.22342491275027096	0.1841428533942107
00584367-n	employment,work	0.17956647873446985	0.20909737807214418	0.2014067546116363	0.22535442552958426	0.18457496305216542
01220984-n	behavior,conduct,doings,behaviour	0.1809201975565375	0.19105796724720558	0.20639459318949835	0.2500649857031453	0.17156225630361324
00270800-n	coaching	0.1852433281004709	0.2103610675039247	0.1899529042386186	0.23704866562009405	0.1773940345368918
05850624-n	facet,aspect	0.18017835427644907	0.21159302796919335	0.20591811917308483	0.21564653425212804	0.18666396432914473
00109151-r	there	0.1837123081043739	0.20439263008021208	0.20453360023682962	0.225820093886126	0.18154136769245854
13740168-n	zilch,nada,null,nil,naught,nothing,zero,nix	0.19210011960675621	0.2040024504798862	0.19977245543919053	0.2179468479243836	0.1861781265497835
01846413-a	present	0.21084337349397592	0.19879518072289157	0.19277108433734938	0.22289156626506026	0.17469879518072287
06487897-n	catalogue,catalog	0.20644718792866948	0.2249657064471878	0.20096021947873802	0.187928669410151	0.17969821673525382
03569964-n	infrastructure,base	0.17948287441235725	0.21054398925453327	0.20382807253190063	0.22280053727333785	0.18334452652787103
00813978-v	discuss	0.19601837672281772	0.20980091883614083	0.18989280245022974	0.22664624808575803	0.17764165390505354
06649325-n	con	0.18879798615481433	0.2093297671491503	0.20311516677155445	0.20759911894273134	0.19115796098174953
08621598-n	position	0.1855993721797137	0.21358969328363098	0.1907658099535674	0.22758485383558943	0.18246027074749852
00075021-v	wear,tire,jade,fatigue	0.17908082408874806	0.20655044902271535	0.20285261489698883	0.22503961965134706	0.18647649234020064
00007846-n	someone,somebody,individual,person,soul	0.17996005016955552	0.2065777860361409	0.20142147071119987	0.23410136108143006	0.1779393320016736
04105893-n	room	0.18257687880282863	0.21139615194869274	0.19528038151619811	0.22899194211478294	0.18175464561749763
01467370-v	surround,ring,border	0.1769124104460363	0.21042292581465208	0.20603189276635084	0.21643170788074914	0.19020106309221163
00597915-v	learn,acquire	0.1763351606941889	0.21104469291045985	0.2105801096416523	0.2171462198408051	0.1848938169128939
00125841-v	grow,turn	0.18080847216840995	0.21193335916311512	0.20483016918507047	0.21813250678031812	0.18429549270308646
01210854-a	high	0.16928672337611536	0.2086326610357993	0.21168354925005287	0.22638191710000416	0.18401514923802836
02796995-n	bar	0.17216257668711618	0.2138292433537831	0.20692740286298586	0.22354294478527648	0.18353783231083837
02409412-v	hire,employ,engage	0.18441093789931043	0.2094812164579609	0.19404548939432678	0.2360848453871684	0.17597751086123348
02546075-v	honor,reward	0.17886748394629287	0.20128429655574986	0.20665499124343262	0.23140688849970864	0.18178633975481606
00001740-a	able	0.18244672617512034	0.20762602548888093	0.20282751148031564	0.2222795521386918	0.18482018471699135
01295275-v	join	0.1822784810126582	0.21772151898734177	0.20759493670886078	0.20886075949367086	0.18354430379746828
00180756-r	apart,aside	0.1807598039215687	0.2120098039215687	0.20159313725490194	0.21997549019607834	0.18566176470588233
00949619-n	engineering,technology	0.18385105737124277	0.20545380957199222	0.20708961516408642	0.22245269654963257	0.18115282134304597
00645493-a	unbelievable,incredible	0.1798929836460925	0.2126007988544726	0.20159770894566295	0.21591679855301826	0.18999171000075382
15282696-n	velocity,speed	0.1817309997602492	0.20594581635099504	0.20642531766962363	0.21433708942699597	0.19156077679213623
07296428-n	change,modification	0.18493622413840627	0.20661726218353138	0.20466128543486023	0.22408330808011115	0.179701920163091
05752544-n	learning	0.17632850241545947	0.20985737290085102	0.2119277662755923	0.21365309408787644	0.18823326432022092
13932948-n	challenge	0.17659092165643872	0.21059324376624075	0.21004036047990252	0.214021120141538	0.18875435395588
01889256-a	proud	0.1823717948717949	0.21089743589743593	0.1996794871794871	0.21602564102564106	0.1910256410256409
01712704-v	perform,do,execute	0.1820723573401612	0.20534932291315783	0.2038334568483457	0.23148959105302028	0.17725527184531498
13742573-n	ace,one,1	0.18329449461112726	0.20026216137489072	0.20616079230993334	0.2324497524031462	0.1778327993009026
01009240-v	say,tell,state	0.18611682847306968	0.19903098304220337	0.20021493233274365	0.2387388207865058	0.1758984353654776
00439958-v	slow	0.1929080747735594	0.20716901137020619	0.20447099633840818	0.2137213335902873	0.18173058392753905
01555416-a	less	0.18463062864692334	0.20901684465484954	0.20246614554662581	0.22167785973797122	0.1822085214136302
01128193-v	protect	0.18532110091743118	0.18165137614678903	0.19999999999999998	0.26238532110091733	0.17064220183486248
00022131-r	as,equally	0.18556091795528437	0.2078695951935391	0.20112282084113078	0.22333300502314526	0.18211366098690052
10791002-n	workaholic	0.14912280701754382	0.20175438596491227	0.22055137844611528	0.24686716791979954	0.1817042606516291
00173353-r	deeply,profoundly	0.18269230769230765	0.20192307692307693	0.2025641025641025	0.2230769230769231	0.18974358974358974
01635633-a	deep-rooted,ingrained	0.16091954022988506	0.21839080459770113	0.21839080459770113	0.21839080459770113	0.18390804597701146
02952975-a	calvinist	0.16666666666666669	0.20833333333333334	0.20833333333333334	0.20833333333333334	0.20833333333333334
00490035-a	unusual	0.16700610997963336	0.20366598778004075	0.20977596741344193	0.24236252545824852	0.17718940936863542
05790242-n	pick,choice	0.1915868388171595	0.2078300708038318	0.19575177009579342	0.22490628904623056	0.17992503123698467
01158872-v	utilize,utilise,apply,use,employ	0.18369874412214318	0.2037850494417244	0.20212086614935024	0.23315981964897328	0.17723552063780906
00161243-n	pick,option,selection,choice	0.17844663765095337	0.20633850303438972	0.20584809661006573	0.23049101943235395	0.17887574327223718
13489037-n	growing,development,maturation,growth	0.18407381485168853	0.21390337430872547	0.20229094171110845	0.21583549382412112	0.18389637530435646
01382086-a	large,big	0.18888638320554246	0.20554348271761794	0.20434417155274964	0.2184181393251085	0.18280782319898137
00050681-r	no	0.18236952530815667	0.20890702858641416	0.20003933910306787	0.22982231838447503	0.1788617886178862
04877530-n	loyalty	0.20651068158697866	0.18514750762970494	0.19938962360122073	0.24516785350966436	0.1637843336724313
08566028-n	terminal,end	0.1792237442922371	0.2124325446243254	0.1981112494811126	0.22820672478206766	0.1820257368202572
02645839-v	count,matter	0.1837537607035409	0.20018514232816453	0.1997222865077529	0.24392501735709352	0.17241379310344815
00011093-r	good,well	0.18463474233195903	0.20405558189576595	0.20142966556037722	0.2295306174550503	0.18034939275684744
02423183-v	let,permit,allow	0.18372991815701764	0.2054031524704461	0.20093210063655662	0.23044862079417855	0.17948620794180106
07176499-n	bye	0.15277777777777773	0.19444444444444445	0.2083333333333334	0.29166666666666663	0.15277777777777773
00061203-r	subsequently,after,later,afterwards,afterward	0.18044692737430149	0.20324022346368711	0.20245810055865945	0.23720670391061516	0.17664804469273682
00149583-v	go,become,get	0.18304350862490262	0.20551714505202837	0.19951113904602205	0.23508624903973974	0.17684195823730728
00143251-n	follow-up,review	0.18374091209517515	0.20026437541308656	0.2009253139458031	0.2359550561797751	0.17911434236616
01022064-a	flexible	0.19827178030303008	0.2096354166666666	0.1967921401515154	0.2119436553030297	0.1833570075757583
04599396-n	work	0.18007069190916125	0.21159153633854572	0.2054008065241309	0.21690380505081083	0.18603316017735122
06495328-n	schedule	0.1789165771836935	0.21346317621357427	0.19680082941459642	0.22586736771947863	0.18495204946865715
05200169-n	ability	0.18282270215971866	0.20655449522852834	0.2047965846308389	0.22501255650426943	0.18081366147664468
03259505-n	domicile,dwelling,home	0.1858678955453149	0.21373710774632423	0.1928900592495062	0.22668422207592737	0.18082071538292727
00249501-n	progress,advancement	0.1834011275244419	0.21237422393491728	0.1923214158281596	0.22871619210732866	0.18318704060515262
01212469-a	low	0.19434800161485694	0.2166733952361724	0.20149374243035942	0.2053693984658857	0.1821154622527255
08490402-n	base	0.17857142857142855	0.24107142857142858	0.17857142857142855	0.2232142857142857	0.17857142857142855
13279262-n	wage,remuneration,pay,salary,earnings	0.1841252544948791	0.20742121411980596	0.20064233074298335	0.2282109368279234	0.1796002638144083
13273154-n	incentive,bonus	0.1792910601200765	0.20075664117114903	0.2081996874742987	0.23583353894234568	0.17591907229213
00725772-a	dependent	0.1823104693140795	0.20848375451263537	0.20878459687123946	0.21991576413959094	0.18050541516245477
00097504-n	execution,performance	0.18579234972677597	0.20502732240437133	0.205464480874317	0.2284153005464488	0.17530054644808696
15233989-n	overtime	0.17067669172932307	0.21233082706766926	0.20165413533834584	0.23413533834586517	0.1812030075187968
07295629-n	wages,reward,payoff	0.17733089579524672	0.21188299817184642	0.20658135283363815	0.22138939670932364	0.18281535648994507
06333653-n	name	0.1865935405240704	0.19963436928701983	0.20767824497257767	0.23534430225472364	0.17074954296160844
00004722-r	but,only,just,simply,merely	0.18439367886678149	0.20666502906738765	0.20355359043642016	0.2241464013755825	0.18124130025382826
00719734-v	expect,anticipate	0.1709619196970156	0.2071485634819661	0.20634967600674575	0.23436991448944963	0.1811699263248228
09178999-n	ground,reason	0.17976793593724436	0.19790815492727556	0.2016669390423276	0.24603693413956562	0.17462003595358688
01013279-a	last	0.18279904554414325	0.1997095134350035	0.2050005187260091	0.2392364353148673	0.17325448697997678
02409148-v	overwork	0.14513556618819767	0.19298245614035084	0.21850079744816592	0.26156299840510366	0.18181818181818182
01010862-a	first	0.18120362737015677	0.2040120912338554	0.2041769716955209	0.23242649079417368	0.1781808189062932
01391351-a	little,small	0.18361437574518852	0.2078956831128525	0.19862222979238744	0.2282594295879942	0.18160828176157726
02161432-a	significant	0.18121163597544698	0.20069388844408864	0.20709901254336804	0.22764878569522298	0.18334667734187335
00118965-r	once,formerly	0.18243419338024489	0.21110242376856908	0.20067761271826942	0.23924941360437857	0.16653635652853793
00591115-v	understand,see,realise,realize	0.18224592220828095	0.20326223337515675	0.20561480552070244	0.23760978670012584	0.171267252195734
02268351-v	waste,blow,squander	0.1940567312021613	0.19270598829356156	0.2003601981089599	0.24628545700135052	0.16659162539396674
00345761-v	begin,start,get,commence	0.1851906664693412	0.2079325144294808	0.20181540131221895	0.2269498298061249	0.1781115879828341
00631737-v	think,imagine,guess,reckon,suppose	0.17603323857423964	0.2000874699322105	0.2041329542969607	0.24229171222392376	0.17745462497266531
07270179-n	mark,marker	0.1961414790996784	0.18971061093247588	0.18971061093247588	0.2411575562700965	0.18327974276527334
01315613-v	seek,search	0.18052930056710778	0.2088846880907372	0.20132325141776938	0.21550094517958407	0.19376181474480156
05600637-n	face	0.17602040816326528	0.20699708454810506	0.19825072886297382	0.2361516034985421	0.18258017492711376
05984584-n	experience	0.18181271184741024	0.20836759662247598	0.20395515353296176	0.2228283760203771	0.18303616197677486
01123879-a	peachy,neat,keen,dandy,great	0.1874819028404349	0.21045945769234373	0.19934429904446974	0.22102352864255362	0.18169081178019791
13378518-n	credit	0.18003273322422259	0.18385160938352432	0.2056737588652483	0.25859247135842856	0.17184942716857618
00161225-v	convert,commute,exchange	0.1831775700934579	0.20373831775700935	0.19065420560747665	0.2299065420560748	0.1925233644859813
00362103-n	discount	0.18105577574817625	0.2237922913435581	0.18398529496237595	0.231604342581423	0.17956229536446663
01186408-a	light	0.18512396694214872	0.1983471074380165	0.20330578512396694	0.23140495867768596	0.1818181818181818
02082611-a	unsatisfying,disappointing	0.1963394342762064	0.19717138103161394	0.20216306156405997	0.2412645590682196	0.16306156405990027
07985628-n	duo,couple	0.18231827111984283	0.200785854616896	0.20314341846758346	0.23379174852652246	0.1799607072691553
15209413-n	month	0.18066701617131167	0.20381497761826053	0.19990321409847986	0.23510908577650366	0.18050570633544433
13968092-n	employment	0.18386243386243384	0.19179894179894175	0.20899470899470904	0.2380952380952381	0.1772486772486772
04202417-n	shop,store	0.1833510766166426	0.22823585974793092	0.1800886019437486	0.2305024210996236	0.17782204059205428
09623038-n	leader	0.17888638228055798	0.2091878589007385	0.2053424938474159	0.23015791632485566	0.17642534864643195
00162688-v	replace	0.18770764119601327	0.19518272425249175	0.1985049833887043	0.25166112956810627	0.1669435215946844
05905348-n	strategy,scheme	0.19130539209799435	0.20319442776510144	0.20223369761018395	0.23081541971898684	0.17245106280773348
01023706-a	rigid	0.16371681415929196	0.19911504424778761	0.224188790560472	0.2389380530973452	0.17404129793510326
00017241-r	worst	0.1735537190082643	0.21074380165289275	0.18285123966942146	0.28099173553719015	0.1518595041322312
00146387-r	ever	0.18230863929321495	0.20656818017235168	0.19954377579839214	0.2266275617350993	0.18495184300094192
05872477-n	principle	0.16709963325183355	0.21187347188264066	0.2192084352078239	0.21347799511002477	0.1883404645476772
06470073-n	document,papers	0.1754874651810586	0.18941504178272991	0.21782729805013917	0.24011142061281315	0.1771587743732591
02547586-v	help,assist,aid	0.1847682941980368	0.20904460181389087	0.20226115045347218	0.2204497453099749	0.18347620822462515
01870889-a	profitable	0.2003179650238474	0.19554848966613675	0.19554848966613672	0.233704292527822	0.17488076311605724
01824736-v	care,wish,like	0.18518832711231814	0.20368171021377685	0.2023243976925688	0.23019172039361951	0.17861384458771679
01405044-v	hit	0.18006160739288712	0.2033043965275834	0.20498459815177814	0.24334920190422843	0.16830019602352286
07355491-n	decease,expiry,death	0.17450579413769596	0.19427402862985682	0.20586230402181327	0.25698704839809133	0.16837082481254267
02818832-n	bed	0.1715210355987055	0.2006472491909385	0.20064724919093854	0.25889967637540456	0.16828478964401294
00259096-r	earlier,sooner	0.19371727748691103	0.19720767888307159	0.19720767888307156	0.23385689354275743	0.17801047120418848
15140405-n	life,lifespan,lifetime	0.17084979285095164	0.21230369014355924	0.2084497543115897	0.2255275074669985	0.182869255226901
02434976-v	join	0.18387150744520647	0.1996821147732975	0.20712732139869508	0.23096871340137257	0.17835034298142846
02271137-v	commit,invest	0.1819645732689211	0.21034621578099835	0.20189210950080513	0.22061191626409035	0.1851851851851851
00893955-n	preparation,grooming,training	0.18375596395122865	0.2126921717617959	0.19764976144195054	0.22386905813747834	0.18203304470754664
02624263-v	arise,develop,rise,originate,grow	0.17843353557639302	0.21242415885273022	0.2062879205736347	0.216147269718698	0.186707115278544
02331262-a	successful	0.1826923076923075	0.2049368541905855	0.2032146957520092	0.22545924225028743	0.18369690011481038
01976084-a	irrelevant	0.201949860724234	0.19637883008356546	0.18384401114206134	0.2548746518105849	0.16295264623955427
02497141-a	useless	0.2027100271002712	0.1934959349593496	0.19783197831978314	0.2552845528455282	0.1506775067750679
00193480-a	atrocious,horrible,ugly,horrifying	0.17788461538461495	0.1900987525987523	0.20491164241164253	0.27416839916840047	0.15293659043658986
05093890-n	level,degree,grade	0.1830206311552013	0.20713823592840158	0.20271727409963283	0.22954855869455854	0.17757530012220574
00008007-r	completely,altogether,entirely,all,totally,wholly	0.18273056057866208	0.2029837251356237	0.20189873417721552	0.23684448462929392	0.17554249547920484
02710438-a	deliverable	0.14569536423841062	0.2119205298013245	0.23178807947019867	0.22516556291390727	0.18543046357615894
10470460-n	prey,quarry,target	0.1983914209115282	0.21179624664879357	0.1796246648793566	0.2305630026809652	0.17962466487935652
06504965-n	timeline	0.1528066528066528	0.20997920997921002	0.2162162162162162	0.22869022869022865	0.19230769230769237
01556061-a	least	0.18036927364570582	0.20527782616268941	0.20249085525169852	0.23515067061487613	0.1767113743250301
01767329-a	personal	0.17732923290163335	0.20933858881621673	0.2026248538138345	0.22822367566162668	0.1824836488066887
00039318-r	plainly,obviously,patently,manifestly	0.18864292589027923	0.20933589990375362	0.19586140519730508	0.23002887391722798	0.17613089509143412
02487573-v	call,visit	0.18936170212765954	0.20638297872340428	0.19361702127659577	0.22978723404255322	0.18085106382978722
09921409-n	mug,mark,sucker	0.18	0.18	0.24000000000000002	0.27999999999999997	0.12000000000000001
10054657-n	employer	0.18809300385778321	0.2059222187467416	0.20112605567719757	0.21999791471170904	0.18486080700656848
00117985-v	rest,remain,stay	0.18146806920733463	0.20497786974765794	0.2031384721503711	0.23124676668391034	0.17916882221072605
00020759-r	never	0.17683452809423317	0.2062226717035015	0.204289241202891	0.23430203158927798	0.17835152741009638
02130524-v	look	0.18175214296091807	0.20172889728316157	0.20158361179718173	0.23761441232020925	0.17732093563852935
00075161-r	back	0.1833512931034484	0.20474137931034497	0.20161637931034496	0.23351293103448204	0.1767780172413796
01617192-v	create,make	0.18182664556372766	0.20598640722465353	0.2054743506191229	0.22646867144586091	0.18024392514663518
13928668-n	relationship	0.17923059817656217	0.20747164776517674	0.199466310873916	0.23393373360017802	0.1798977095841671
01212519-n	support	0.18405497266144533	0.2088813358947832	0.19831535392345212	0.22306782917097695	0.18568050834934252
04377057-n	system	0.18923215149630312	0.19628170571566841	0.2088948787061988	0.2363674061787253	0.16922385790310435
06746005-n	reply,response,answer	0.18484362469927823	0.20408981555733763	0.20569366479550913	0.23496391339214107	0.17040898155573406
05138208-n	worth	0.17130620985010706	0.2141327623126339	0.1991434689507495	0.23982869379014995	0.17558886509635974
07193596-n	question,interrogation,query	0.18513420509291104	0.19793530626290415	0.20605643496214726	0.23138334480385472	0.1794907088781828
08499057-n	atmosphere	0.18856638556579716	0.21376740537360253	0.19807805452049418	0.21690527554422467	0.1826828789958815
02531199-v	strive,endeavor	0.18140794223826717	0.22066787003610105	0.19855595667870035	0.21525270758122747	0.184115523465704
03365592-n	floor,flooring	0.18101612412534226	0.21296014602981436	0.19501064800730147	0.23364770307271068	0.17736537876483127
02809692-a	technical,technological	0.17905299466917513	0.20429601756036367	0.20727500783944822	0.22703041705863947	0.18234556287237352
00017445-r	even	0.1814364559840117	0.20430166675834696	0.20164292131947067	0.23673836111263824	0.17588059482553248
