01625893-a	revolting,wicked,distasteful,disgusting,foul,skanky,repellent,yucky	0.2376538808878749	0.06605419866506419	0.20915804888427159	0.4663787659652482	0.020755105597541075
05526713-n	pecker,cock,dick,peter,shaft	0.24417204301075265	0.046150537634408594	0.5161290322580645	0.19354838709677416	0.0
00689344-v	believe,conceive,think	0.1358710624780811	0.1195937095524881	0.4038505047344878	0.3008263163339195	0.03985840690102359
02604760-v	be	0.13835013848711267	0.10820662879274363	0.411087325780167	0.3042800384496372	0.038075868490339566
02131072-a	sexy	0.042556994454823624	0.028785551049242707	0.7626851761221216	0.11915958447350615	0.046812693900305985
01101913-v	beat,vanquish,trounce,crush,shell	0.06040482479889015	0.04832445258081218	0.1424553910005806	0.7377725537475944	0.011042777872122498
00019339-r	e'er,always,ever	0.12126484585665745	0.11175740413195817	0.4343694390414224	0.28964517834543907	0.04296313262452275
09081213-n	id,idaho	0.15651595771072688	0.10059837693976337	0.41692920496246005	0.2957895300905206	0.030166930296529015
00514884-a	whole	0.14963502205004195	0.14062405743254958	0.35077798577264435	0.3217803558374701	0.03718257890729388
01640850-a	new	0.0892592467106768	0.11924814399092423	0.5209852488868785	0.2268685661878076	0.04363879422371287
09466280-n	universe,creation,existence,world,cosmos	0.12630238745552486	0.09400546264088551	0.46120654493805774	0.2827444523375689	0.03574115262796309
01772960-v	excite	0.034567660554598846	0.0605383529547678	0.7517471560653157	0.1137956554858787	0.039351174939438904
00077645-a	afraid	0.04333862102159724	0.7152755565542677	0.10081650724613915	0.13047807777785186	0.010091237400144053
01767163-v	worry	0.1374765376421248	0.2042078829875167	0.28878817292002806	0.3266717029716783	0.042855703478652155
10388440-n	master,overlord,lord	0.09937133354045213	0.09272581071225051	0.5396305753859802	0.22741892877494774	0.040853351586369366
07523905-n	anxiety	0.1268631506267599	0.27882740778628845	0.25885708052834844	0.29626993935196516	0.03918242170663803
02456157-a	nervous,queasy,uneasy,anxious	0.10151591848911909	0.6668578988425806	0.08852435764818661	0.12304934621582828	0.02005247880428536
00103554-r	first	0.1356406938334515	0.12445629796574174	0.4441561899218927	0.2520029905546767	0.04374382772423742
00087736-v	take,contract,get	0.28270414579793923	0.0853871102972001	0.288065662025903	0.3438430818789577	0.0
04105893-n	room	0.14731922919004856	0.13988761934663413	0.3724702790973678	0.30992507594563745	0.03039779642031207
00087653-v	wan	0.15398164555288144	0.054975183588550074	0.3690583868891769	0.4043532305413769	0.017631553428014778
01553629-a	much	0.13037748379960115	0.09705882982376211	0.40272787562430845	0.3254089572298056	0.04442685352252269
05687338-n	problem,trouble	0.13200973714183617	0.1255613567136078	0.38124774850442433	0.325875765022998	0.0353053926171336
00024073-r	not	0.15178905640296958	0.10270808202537887	0.33882522687619304	0.36244564109255706	0.044231993602901365
15281870-n	rpm,rev	0.2351834430856068	0.059266227657572904	0.27438068359987455	0.43116964565694577	0.0
00690614-v	regard,see,consider,view,reckon	0.15256348436966147	0.11019569724929018	0.4388553181680287	0.25009722302811466	0.048288277184904874
01265308-a	amusing,comical,laughable,funny,comic	0.03774029857031562	0.024720423195492582	0.20134162186130217	0.08346988596461892	0.6527277704082707
08649345-n	side	0.14327610754865822	0.12478397640167586	0.44060323613714886	0.26379242879527126	0.027544251117245944
00795720-n	undertaking,labor,project,task	0.0940520931582384	0.1112924617282159	0.5419859246898353	0.2148083871435827	0.03786113328012769
00120316-v	make,get	0.11508672093446733	0.11005557203645402	0.4582214302232159	0.2879199414799186	0.028716335325944153
09879297-n	bully,ruffian,roughneck,hooligan,rowdy	0.10750826644103273	0.4599258525289187	0.2364369134166843	0.19612896761336435	0.0
01543123-v	sit	0.14518597456800564	0.13208960313135135	0.33980275047722336	0.33140214449675454	0.05151952732666521
02423183-v	permit,allow,let	0.1517706505240604	0.10604322277245343	0.41437215181158116	0.2964860493082633	0.031327925583641766
02133435-v	look,seem,appear	0.13438697608872405	0.11142913935767257	0.41566594799805656	0.28878540770138417	0.04973252885416253
15155220-n	day	0.11193746183882612	0.07846209752500286	0.4511585293033523	0.32551262871054276	0.032929282622276
15203791-n	year,yr,twelvemonth	0.10090936866912581	0.09635206384249234	0.46855899406451557	0.2857031475480694	0.04847642587579693
15262921-n	today	0.14547771307644336	0.06837057747692826	0.452623963785939	0.2981926885156299	0.035335057145059454
00612612-v	mark,commemorate	0.0	0.02538862628526875	0.6822279616003118	0.29238341211441937	0.0
15249799-n	anniversary	0.07454831799195924	0.06816558902072797	0.49535356894814575	0.30324076338416694	0.05869176065500006
01626562-a	horrid,horrific,outrageous,hideous	0.17526498452302788	0.21029922146140137	0.30953944282900286	0.3048963511865678	0.0
05388805-n	heart,pump,ticker	0.09702483195214749	0.127453296567029	0.4376070794119105	0.29486073935543855	0.04305405271347451
02287789-v	lose	0.09973339301457215	0.11287624319658954	0.2735442128824056	0.4878936495610968	0.025952501345335822
08078020-n	family,household,menage	0.10686318700157983	0.07653553599288655	0.5068719639537955	0.28307034604159453	0.026658967010143534
10112591-n	friend	0.161460350439788	0.0886100076335112	0.40344354525028514	0.3201900910827573	0.026296005593658325
10153414-n	guy,cat	0.1447193674112444	0.09720002165445754	0.46568876529385644	0.24986489707959247	0.04252694856084919
00031304-r	still	0.11896226713573765	0.14692540416890779	0.36490707202458167	0.31191483918464386	0.05729041748612909
01835496-v	locomote,travel,move,go	0.12865247729958593	0.13031533784100824	0.39191405734314555	0.3091805723440402	0.03993755517222019
01382086-a	big,large	0.1139083473816682	0.13454091306027974	0.42958674145733944	0.279183055907356	0.04278094219335671
07997703-n	class,family,category	0.11318475424317474	0.11506089997333604	0.4417974897932982	0.2981320378968186	0.031824818093372495
01564144-v	destroy,ruin	0.21969683567965484	0.10995338020079655	0.29972179077581335	0.3552964125280244	0.015331580815710863
07575076-n	lunch,luncheon	0.15492064757955176	0.08959167397719116	0.4240521572693197	0.2915599330090119	0.03987558816492543
00063172-r	alternatively,instead	0.18593254309110693	0.09852304873160396	0.39545324400160325	0.29214636660367643	0.027944797572009395
00674607-v	take,choose,select	0.12086670706012317	0.08751107902091819	0.5198973232021699	0.24335491443132326	0.028369976285465608
13384557-n	money	0.19201204996106894	0.08599328844034598	0.39112795496438996	0.3046473446055031	0.026219362028692045
00232936-r	away,off,forth	0.13763477828759837	0.1299310030678847	0.359809458195166	0.33376232735112793	0.038862433098222904
01236173-n	feud	0.019611047556790318	0.3054420656970092	0.27455466579506455	0.3938552050988723	0.0065370158522634406
01462882-a	favourite,favorite,preferred,pet,favored	0.09281396952787006	0.061270926076870014	0.5982657219888393	0.22570443287980435	0.02194494952661609
07520411-n	horror	0.07757004404569691	0.3487317035476511	0.3652030860456887	0.18816012623992906	0.020335040121034157
06613686-n	picture,pic,film,flick,movie	0.1123366153419587	0.08450147524630132	0.4782526995952493	0.2552576934320647	0.06965151638442596
00336831-a	sure,certain	0.09391939107194311	0.11397887930514884	0.5520781800909239	0.2066591201356665	0.0333644293963177
00035189-n	accomplishment,achievement	0.08148029322720525	0.07312474378267167	0.5820697522235206	0.1945762133561478	0.06874899741045443
01765908-v	worry,vex	0.1342884187702456	0.13858892349818058	0.37011198343994517	0.33408338328207443	0.02292729100955413
07546465-n	hatred,hate	0.2569550342202663	0.13427743796221558	0.17563798605630732	0.41574130153282574	0.01738824022838511
00162863-a	shy	0.026983046344419902	0.8495176261561198	0.08136426282317386	0.03383258887800342	0.008302475798283046
07325190-n	start	0.09722847164637416	0.10316775801712169	0.4840447696270502	0.2829806717440176	0.03257832896543635
00497560-r	yea,yeah	0.07109818887820847	0.02489935568604684	0.4217996059882178	0.41320320158366086	0.06899964786386607
00805376-v	hold,concur,agree	0.13790723884832012	0.11383470975455164	0.473846795052527	0.2324155669598337	0.04199568938476748
10532058-n	rioter	0.0	1.0	0.0	0.0	0.0
13244109-n	property,belongings,holding	0.12788311872081506	0.1831517381255601	0.35375689825951606	0.2998325550681572	0.03537568982595161
00069879-v	wound,injure	0.11005731568433431	0.1571140526109441	0.3018408229561451	0.41082463640946176	0.020163172339114688
09923673-n	citizen	0.11363567578573176	0.09984839772073814	0.5035066625212202	0.2554952386979263	0.027514025274383618
00871405-v	threaten	0.043003210340942566	0.9019590988122541	0.024183575111777402	0.02796584041361936	0.0028882753214065898
13961642-n	living,animation,aliveness,life	0.08424542304944532	0.10200439237028382	0.44388461023048426	0.3227154510544335	0.047150123295353195
02627934-v	necessitate,postulate,require,take,ask,need,demand,involve	0.13632632444676077	0.1132108890104396	0.4299159769894071	0.2857635321775601	0.03478327737583243
04637923-n	tolerance	0.21020263568088418	0.08629729346747907	0.26923621935666714	0.4200935241604081	0.014170327334561425
06656408-n	policy	0.12019974885378032	0.08552404871068539	0.4897351283473995	0.2914581082264988	0.013082965861635954
01170502-n	riot	0.30090137857900323	0.2948038176033934	0.1325556733828208	0.27085542594556383	0.0008837044892188052
01125429-a	bad	0.13123596852063094	0.07929528616036963	0.18758044407572566	0.5835196515607175	0.018368649682556137
01411085-v	flog,lather,strap,slash,whip,lash	0.23274070070241995	0.14339116532000393	0.3334032132997573	0.2475266280558804	0.042938292621938434
05145118-n	cost,price	0.15465680200578974	0.06613928387989071	0.5057793825080402	0.2246642364971223	0.048760295109156866
01951480-v	direct,send	0.13328541978652372	0.10765353658371749	0.4308243507085194	0.28955163080841056	0.03868506211282895
10516016-n	refugee	0.16142785487376687	0.1735997324862063	0.32770439725798367	0.31252298946664436	0.02474502591539876
02944826-n	camp,encampment	0.09352611877581771	0.1624768394471919	0.4745812314987473	0.2377770615116599	0.03163874876658315
08208560-n	team,squad	0.0753973051017142	0.04458934640033235	0.6908609610918527	0.1650859309555754	0.02406645645052543
03430551-n	gear	0.11691797479548972	0.08742427592305992	0.4712978111872651	0.25361043555162505	0.07074950254256025
13948912-n	championship,title	0.09791294785758937	0.05099758230336444	0.5196918001672052	0.2711435479133244	0.060254121758516535
01889610-v	shake,agitate	0.08499632072393222	0.6708175154723772	0.1079008860019559	0.11661539889253537	0.0196698789091993
01332730-v	cover	0.13852727777130777	0.14479814951053496	0.40733302845326386	0.2682300765135354	0.041111467751357995
08209687-n	police	0.25828531711822067	0.2600210048941019	0.18125649202908428	0.2822355044150597	0.018201681543533313
00122661-n	shooting,shot	0.11912380183689744	0.1418811795566573	0.4720326803576061	0.21504822850993327	0.051914109738905784
00035718-r	reasonably,fairly,moderately,passably,pretty,somewhat,jolly	0.08385221505453747	0.06442595432297527	0.5451734270418005	0.2773271142509171	0.029221289329769768
00011093-r	well,good	0.08799276293022487	0.0802330097463374	0.5707096322848223	0.2299442544797385	0.031120340558877056
01825237-v	desire,want	0.15414544501783278	0.10907316839403744	0.42232738489939203	0.28910314062518716	0.025350861063550608
01805523-v	miss	0.05929791271347249	0.03734202140990298	0.18460670939099927	0.6941391285668254	0.0246142279187999
14483917-n	opportunity,chance	0.0974098820194442	0.08039968127903946	0.5328105419091164	0.257530060970689	0.031849833821711054
00099527-r	less	0.17662596461350594	0.16588219703048218	0.3711512989573452	0.26165239606582796	0.024688143332838794
07859284-n	sugar	0.11351508084864861	0.11964119363575233	0.41889532552300224	0.31093261275934186	0.037015787233254986
13134947-n	fruit	0.07071432939881352	0.056634533056082195	0.5616609840376735	0.26615344627239923	0.04483670723503149
14647235-n	n	0.15160866405404383	0.11915236959624671	0.38198101888019625	0.3120147722303002	0.035243175239213054
15044844-n	soda	0.08077653172498284	0.3941760120626287	0.4038826586249142	0.09423928701247997	0.02692551057499428
14845743-n	water	0.11722137801343435	0.11029232884920107	0.504282965952117	0.23509750912286914	0.03310581806237842
14024882-n	slumber,sleep	0.14058293546141704	0.09156086705032303	0.27694761162472264	0.45781740701888546	0.03309117884465185
06286395-n	word	0.14090292969333604	0.11129559163551375	0.42979968306444827	0.26945157592162267	0.04855021968507917
01555133-a	more	0.0371251992749667	0.034875848965954	0.37592540018780973	0.45685833460723724	0.09521521696403223
00037396-n	action	0.18048464057879884	0.1025811946083835	0.3793084579292341	0.30251533156372	0.03511037531986358
09130076-n	oh,ohio	0.03780432481475881	0.07438000907303796	0.3713518826553757	0.3557954029941025	0.16066838046272494
01126841-a	sad,deplorable,sorry,pitiful,lamentable,distressing	0.05025888534939898	0.01818994389213431	0.09804440509301587	0.7949927579470104	0.038514007718440525
01201271-n	divorce	0.20334280513024153	0.06554105276186252	0.2681670268012315	0.4423208824758005	0.02062823283086396
01123148-a	good	0.09046334989546181	0.07172049978901647	0.557745014630381	0.25021776518945116	0.02985337049568952
10780632-n	wife	0.12074044123001808	0.06516984975310293	0.47910695322596597	0.2908151896863	0.04416756610461305
06766190-n	mention,reference	0.14560399521972736	0.0952653925750318	0.3866838963756076	0.2914800384753651	0.08096667735426807
01643620-a	old	0.1440955346383046	0.08551547525730148	0.44861520781844294	0.28125781648410486	0.04051596580184611
10243137-n	lady	0.1413645433357367	0.08045272388873055	0.5202421234427136	0.20897935914418414	0.04896125018863496
00079629-a	scared,frightened	0.031370075784647435	0.8000498647813343	0.050919543302616124	0.10402135274677293	0.013639163384629319
00200397-v	edit,redact	0.11702750146284377	0.1339964891749561	0.48683440608543005	0.1966062024575775	0.06553540081919251
10080869-n	father	0.18543881918053093	0.10945195975089703	0.34996233229858464	0.33139372021790026	0.02375316855208714
09874725-n	bride	0.0	0.12982456140350876	0.6736842105263158	0.11228070175438595	0.08421052631578947
07238694-n	address,speech	0.14198549383499526	0.1320416400320308	0.4187033990026146	0.25880789139068566	0.04846157573967364
15234764-n	min,minute	0.14289993697742823	0.0994552637673211	0.39104612860521953	0.3274255913118719	0.0391730793381593
01009240-v	state,say,tell	0.15522112347001338	0.11597746252756842	0.38855856539649025	0.29579388836700393	0.04444896023892404
01522276-v	wind,roll,wrap	0.11828464836870851	0.11177974510791347	0.5126418012294655	0.2349453057721705	0.022348499521742116
05816622-n	datum	0.039001464992528774	0.15376571332460676	0.5025338764287334	0.24863433932737092	0.05606460592676012
02321757-v	steal	0.31993653031561725	0.0987217634010584	0.2777421431978707	0.2734340262771468	0.03016553680830686
07521039-n	fear,awe,reverence	0.07827052892420748	0.143436414905269	0.5748331818570219	0.20345987431350163	0.0
06936461-n	yay	0.03199024344481449	0.010951436944065217	0.6953693394328261	0.21725122882726308	0.044437751351031084
00892315-v	thank	0.060295633327549905	0.06091966255215942	0.6541118225587187	0.19154591542437088	0.03312696613720112
09505418-n	immortal,divinity,deity,god	0.0929064657878217	0.07344632768361581	0.6227244193345888	0.1556811048336472	0.055241682360326415
02457167-a	worried,upset,disturbed,distressed,disquieted	0.14512220891940755	0.14147192681677356	0.10830919175166552	0.5877994899060849	0.01729718260606849
02927512-a	american	0.1221361057492035	0.10965671405354345	0.41905410083254613	0.31817461760961263	0.030978461755094135
02455407-v	follow,observe,watch	0.11970228325124065	0.1028630146882755	0.43471164569782794	0.2903593869510089	0.05236366941164709
03544360-n	house	0.1407625899084215	0.13630973054597043	0.367582576547967	0.3171333841458214	0.03821171885181973
02210855-v	acquire,get	0.16729311824278884	0.09585837898444045	0.4147695839441647	0.2811654249389422	0.04091349388966393
01779165-v	scare,frighten	0.042664360222946285	0.6887610100612268	0.11013753625264062	0.1345670420232255	0.023870051439960852
14854581-n	dirt,shite,shit,crap,poop,turd	0.42454465090632193	0.041189290434386835	0.2562821107542034	0.26923144250041575	0.00875250540467209
00074038-v	shit,crap,defecate	0.19677917493933383	0.1705272446503419	0.19122321085700747	0.3924471570622023	0.04902321249111454
02854739-n	bloomers,pants,knickers	0.15114254876125344	0.10555439975959445	0.5298879944806297	0.179630251981301	0.03378480501722136
00100267-r	late,belatedly	0.15225596015361134	0.16487324859364064	0.2522502667629033	0.4051288267391013	0.025491697750743354
15167027-n	dark,night	0.11346591646383208	0.1378895866916638	0.3846024723103449	0.3289316921243724	0.0351103324097868
05833840-n	idea,thought	0.13171765621622178	0.14515499736753437	0.41146005436317384	0.26901875250343904	0.04264853954963088
01771535-v	feel,experience	0.1355412498619437	0.10417206343595332	0.41805368919809743	0.30519412890827763	0.037038868595727796
10702615-n	terror,threat	0.0	1.0	0.0	0.0	0.0
05093890-n	grade,level,degree	0.11779467102403389	0.11157136360441111	0.45083630176585276	0.2621266266603735	0.05767103694532871
00149510-r	really,actually	0.14081351807518197	0.10614789784010602	0.41638793626843174	0.2916148299570853	0.04503581785919486
01974062-v	raise,elevate,lift	0.09233473928363015	0.14366423641632872	0.4628845126326235	0.2576330051141134	0.04348350655330422
14410605-n	problem,job	0.15754732329339344	0.10814436993880769	0.36049950533142794	0.34855798614927996	0.025250815287090986
00050681-r	no	0.09065343162071762	0.037937603703627844	0.20684539051091683	0.6075430397490335	0.05702053441570415
01386883-a	great	0.06958571154521695	0.08617900762439573	0.5587435567170835	0.25177530247201163	0.03371642164129215
09614684-n	defender,guardian,protector	0.1349709812390336	0.11913675401893856	0.4617428305545887	0.25573449076869526	0.02841494341874392
00193799-a	horrendous,terrible,awful,dreaded,dire,dreadful,fearful,horrific,fearsome,frightening	0.04066025312674834	0.18461954315576562	0.06712596314059124	0.6967363180175035	0.01085792255939141
01051331-n	emplacement,position,positioning,placement	0.0	0.2853739876131491	0.7146260123868509	0.0	0.0
01712704-v	do,perform	0.13107095493654142	0.108675092374626	0.40424805134581926	0.31865288111363477	0.037353020229378524
00594621-v	know,cognize	0.136569705611066	0.1266167313581189	0.3871712441854521	0.3088068885595499	0.040835430285812914
00912473-v	shout	0.25136304604133125	0.1478134407411619	0.299959901609322	0.2679470222456296	0.03291658936255529
07520612-n	terror,panic	0.10802185454480603	0.4399624263538699	0.21265256862243848	0.1963555941332794	0.04300755634560621
00972621-n	attack,onslaught	0.1526520537050723	0.3082264496355513	0.21423507035754616	0.28049483494456057	0.04439159135726977
07519253-n	fright,fearfulness,fear	0.09060526159862534	0.3793028974343782	0.26087100788054746	0.23584997333649346	0.03337085974995556
00345761-v	commence,start,get,begin	0.14693207216035073	0.17495921306590334	0.3428457020162168	0.291559247246288	0.04370376551124116
03740161-n	medication,medicine	0.08987423000253446	0.14724454598235232	0.32534471260917475	0.4087767578051275	0.028759753600811025
14877585-n	gas	0.16115680914014108	0.1368933636827125	0.4024102866731702	0.2748907061048017	0.024648834399174632
01244410-a	hostile	0.9610710479019218	0.014400456675987498	0.008176165140696936	0.016352330281393872	0.0
00575741-n	work	0.13527747701861004	0.0900700098539732	0.4299421358585569	0.3099042700516819	0.03480610721717786
13934596-n	environment	0.16358627299469694	0.11078062407200877	0.5261617752767255	0.17252770622214822	0.02694362143442067
00759694-n	terrorism	0.08846215780998391	0.7966022544283413	0.0699838969404187	0.028848631239935592	0.016103059581320456
06272803-n	call	0.1445611216462124	0.12714956166667812	0.35889222018503586	0.338777105517196	0.030619990984877575
01518386-a	military	0.15172607048912112	0.11025337395030146	0.4827031375703942	0.2392273134045034	0.016090104585679808
05839024-n	sort,kind,form,variety	0.1496302519124919	0.12935727711135322	0.35706862388331806	0.3056371332676858	0.0583067138251509
00798245-n	drive,campaign,crusade,movement,cause	0.1349539865598853	0.1035045056719028	0.4663954745881558	0.26371956203972935	0.031426471140326755
08559508-n	home,place	0.10664118553943311	0.1143051274966053	0.40402250189388045	0.343874991936824	0.031156193133257022
02504562-v	squeeze,force,coerce,pressure	0.183185521548827	0.25326255685594057	0.25264402979522405	0.29624230624214226	0.014665585557866009
01117477-a	fake,bogus,phoney,phony	0.03522606428444788	0.02129291478075619	0.041966171163184816	0.8955227037126985	0.005992146058912664
00417859-n	squeeze,hug	0.07194495880281974	0.10038465104597538	0.5020771876634407	0.29162004434334315	0.03397315814442103
00007846-n	soul,person,someone,individual,mortal,somebody	0.1763462343385016	0.10431138631377906	0.40745573264125456	0.28594666034719185	0.02593998635927288
02061069-v	funk,flinch,cringe,shrink,wince,recoil	0.089729465661032	0.2505894727396899	0.2741733672975977	0.33565799115666267	0.04984970314501777
00603804-a	litigious,contentious,combative	0.3912992541102043	0.06490412777756081	0.42957003944234	0.09352911313312766	0.020697465536767292
15120823-n	past,yesteryear	0.09761160799088774	0.1426476249051102	0.3637805107957556	0.36943770030802014	0.026522556000226523
01126291-a	painful,awful,terrible,dreadful,atrocious,unspeakable	0.03432998113459795	0.043872012359066535	0.054801467639150905	0.8625401446842645	0.004456394182920127
00193480-a	horrible,frightful,horrifying,atrocious,ugly	0.05199951393805983	0.05049155350537123	0.07991979977987003	0.8117470421495154	0.005842090627183482
01032840-v	network	0.06620762711864407	0.2717161016949152	0.6620762711864406	0.0	0.0
15137890-n	vacation,holiday	0.12153278547674645	0.07831842395204743	0.47201018891954993	0.2848761257846379	0.04326247586701844
03259505-n	home,abode,domicile,habitation,dwelling	0.14208931361126065	0.09167681158663064	0.37954679638231276	0.3497264790248338	0.036960599394962206
01449564-a	lost	0.0	0.0508047339590566	0.07816112916777937	0.8580072820118675	0.013026854861296563
02207206-v	buy,purchase	0.11767097919799437	0.09385225999634662	0.5100558912838473	0.2443873657340838	0.03403350378772801
02075321-a	mad,sick,unbalanced,disturbed,crazy,demented	0.17762645428431437	0.10383767737224874	0.325778900748398	0.35778689390809787	0.03497007368694099
02101757-a	lurid,shocking	0.05857468039111824	0.5513521638917124	0.11452949850395844	0.23259509527422662	0.042948561938984414
06785654-n	crossword	0.4173913043478261	0.026086956521739132	0.5565217391304348	0.0	0.0
04028315-n	puzzle	0.28442153719040775	0.0073770975547380645	0.6295123246709814	0.07868904058387267	0.0
12109827-n	oat	0.0	0.05882352941176469	0.9411764705882353	0.0	0.0
07573696-n	repast,meal	0.10718248225484114	0.08285783198952519	0.5648869822892977	0.2097546688718903	0.03531803459444559
02253205-a	solitary	0.0	0.28358208955223874	0.7164179104477612	0.0	0.0
00694068-v	esteem,prize,prise,respect,value	0.013244977293894606	0.0060246585354546975	0.952634957789662	0.025887910165339457	0.002207496215649101
00910101-a	level,flat	0.20453300745048936	0.12107850612211585	0.26846675415103294	0.35652384951257177	0.049397882763790056
02164165-a	portentous	0.0	1.0	0.0	0.0	0.0
02557719-a	nutrient,nourishing,nutritious	0.060263653483992465	0.005649717514124294	0.8135593220338982	0.0903954802259887	0.030131826741996232
13128582-n	rootstock	0.0	1.0	0.0	0.0	0.0
05957737-n	scruple	0.0	0.11111111111111112	0.888888888888889	0.0	0.0
02468635-a	typical	0.21959791566576745	0.07715362725895268	0.389120070956059	0.25869396503935843	0.05543442107986253
03110669-n	trumpet,cornet,trump	0.21409946427724835	0.2549186934053951	0.10430000474090931	0.23704546532024842	0.18963637225619873
10407954-n	patron,sponsor,supporter	0.020131327404205798	0.06921286676086776	0.7653894106890533	0.13695453412018951	0.008311861025683652
09917593-n	child,minor,youngster,kid,fry	0.13848941443639837	0.0967949092371663	0.44198922009223096	0.28883185021792485	0.03389460601627963
00597915-v	acquire,learn	0.09798613556998968	0.11042313404921623	0.5209937380720305	0.2252058641242174	0.04539112818454598
08276720-n	school	0.1337876309164396	0.11697204791757843	0.40349323119155994	0.3084576788648187	0.03728941110960341
02339171-v	give,yield,afford	0.11982872739932103	0.10159017279988453	0.4963195615693672	0.2513028225110934	0.030958715720333884
01774136-v	detest,hate	0.37711143129040847	0.04801012457021822	0.1087775169545929	0.45724396784299987	0.00885695934178056
15084357-n	u	0.1201379963471555	0.04531556517621592	0.366403977541771	0.3937326659000203	0.07440979503483733
06206800-n	regard,respect,esteem	0.11226240625631836	0.03477628579325286	0.6062552054060171	0.22444690532235959	0.022259197222052187
08918800-n	ur	0.08752084732926571	0.04168638167614597	0.47242358738221	0.32249801010604023	0.07587117350633799
04914292-n	rudeness	0.45882083046570316	0.1397109428768066	0.22941041523285158	0.1720578114246387	0.0
05564590-n	mitt,paw,manus,hand	0.12088344387586514	0.11854811429947307	0.509227144456418	0.2138274999983642	0.03751379736987942
10273064-n	loser,failure	0.07499022448859345	0.1148475288042809	0.18211911661515554	0.6280431300919702	0.0
09394007-n	planet	0.11808304782674242	0.10351343481466337	0.47255522719716175	0.27131903012430125	0.034529260037131346
10261041-n	lifer	0.0	0.30458970792767737	0.4636068613815485	0.23180343069077425	0.0
00037641-r	indeed	0.10643935966979122	0.07375545616774776	0.5400298163423451	0.21683849743466693	0.062936870385449
05024254-n	mass	0.14536080975661753	0.0947897840422903	0.41059583395919236	0.32948450211499974	0.019769070126899983
10665698-n	student,pupil	0.13901790614815002	0.09961672458809318	0.5109006293051342	0.21714114080000102	0.03332359915862156
00919542-a	excited	0.022321072686978836	0.14708539176899052	0.7164731794090383	0.08086651315235041	0.03325384298264194
02129289-v	see	0.13290618602015453	0.10379612702852087	0.42821595701029014	0.2717979004908572	0.06328382945017738
00654625-v	sort,class,classify	0.11070095148447737	0.12947951094611068	0.4355263019250966	0.2803893745631566	0.04390386108115892
01844431-v	frequent,haunt	0.0	0.2743916052690333	0.39071221254744365	0.33489618218352313	0.0
02108026-v	experience,have,receive,get	0.14680045340073597	0.10635630421757963	0.38101040832630984	0.3207166945742738	0.04511613948110072
05984584-n	experience	0.07837054183492441	0.1206511313418076	0.5280951809365023	0.23676302003896127	0.03612012584780432
13936676-n	nightmare	0.11643690529651504	0.4015726014861762	0.20698011370857733	0.2651816202201303	0.00982875928860118
08059870-n	firm	0.14722388399851866	0.1290544967666581	0.4981796427655756	0.17813862063071528	0.047403355838532314
00066191-v	cry,weep	0.13906720465860856	0.10492004634251474	0.18113601656280193	0.5524425966550705	0.022434135781004377
08302724-n	who	0.13732805383259708	0.12548732385769762	0.3938644877282125	0.28991478031326057	0.0534053542682322
00941990-v	speak,verbalize,mouth,talk,verbalise,utter	0.1630869362372287	0.15216873665027747	0.3628995501350055	0.2841554213228168	0.03768935565467155
14374432-n	anxiousness,anxiety	0.10126827801375785	0.3665917377739353	0.20386873660865318	0.30421381047250307	0.024057437131150626
00782216-a	shadowy,wispy,faint,dim	0.12854792266556972	0.25442204853969563	0.25709584533113944	0.30851501439736734	0.05141916906622789
00020759-r	never	0.1274188446117944	0.1088148166005972	0.40161638065490046	0.322647740501494	0.03950221763121406
00811248-a	anxious	0.06985353405673582	0.7611063708333118	0.07080856284266773	0.08185961022273727	0.016371922044547457
00181781-n	election	0.05005523639244008	0.4241276777356065	0.3250955879382687	0.18287724524080082	0.0178442526928839
04632157-n	life,liveliness	0.08060162472029483	0.08155367045534648	0.4396631513381851	0.373303513470307	0.024878040015866663
01815628-v	please,delight	0.11926104556511433	0.0754240946931773	0.5168626180766942	0.26502773179259304	0.023424509872421242
01494310-v	pose,put,position,set,lay,place	0.140971586880095	0.10960005553286871	0.41820953532392946	0.2913786545346767	0.039840167728430145
02032953-a	left	0.14774980862578665	0.12724697526846523	0.26365698608222277	0.3747342732428917	0.08661195678063356
00350030-n	turning,turn	0.11883780289050817	0.1485005320366903	0.3956601969209218	0.27975701412927817	0.057244454022601456
06791372-n	signal,signaling,sign	0.1711731516084121	0.1536112943015559	0.37126596810043716	0.28343225617351797	0.020517329816076797
00008997-r	utterly,perfectly,absolutely	0.09735863414666994	0.09217068789322075	0.3932155165302127	0.3690863052697681	0.04816885616012848
00752847-a	ridiculous,pathetic,silly	0.1993960321291105	0.08203690639735639	0.23064435615952344	0.4611071919206921	0.026815513393317572
07891726-n	vino,wine	0.08210160351222016	0.060510733704374965	0.5625231489483588	0.26762900445941334	0.02723550937563273
00797299-a	intoxicated,drunk,inebriated	0.24871533609914254	0.08695259059879885	0.31297461274613786	0.3345724993247762	0.016784961231144452
00229630-a	worst	0.18710561293180947	0.16086690955389904	0.22593244179094207	0.3927589781530533	0.03333605757029607
05840650-n	version,variant,edition	0.08757599227718489	0.07983896590612635	0.5577490552037137	0.19971922572891168	0.07511676088406337
00017445-r	even	0.14818387614722303	0.10824941704973035	0.3869585147290928	0.3178135507659741	0.03879464130797962
00607780-v	recollect,remember,think,recall	0.13774814297895907	0.1561414033400401	0.3219297382151849	0.29226794685987534	0.09191276860594073
00022131-r	as,equally	0.13058879218796815	0.11690213508305071	0.4891242489624202	0.23487686440813185	0.028507959358429077
00392690-r	longer	0.11865232165130606	0.10846652799577108	0.43667935704497024	0.3013530369107166	0.034848756397235996
01152746-a	soft	0.05574459986678085	0.04935198401370254	0.7445560947759062	0.10467218574555141	0.045675135598058796
05768553-n	dream	0.09885780868295437	0.15649308759217165	0.43386079668344446	0.25076887878719684	0.06001942825423258
02530167-v	assay,attempt,try,seek,essay	0.15491517825279402	0.11770927176343782	0.3679559154522373	0.3293384785204964	0.03008115601103438
05332802-n	kidney	0.05091455265201176	0.04535213777477948	0.38185914489008826	0.49641688835711467	0.02545727632600588
00759944-v	pray	0.10467133496698557	0.12257891981701073	0.4297188145652993	0.31015557629231755	0.032875354358386885
00063652-n	success	0.08211442015030411	0.06935025736657843	0.5955101854157246	0.22406186960432112	0.028963267463071835
00720063-v	wait,look,await,expect	0.10574707604475686	0.1477200212385587	0.42796670027814715	0.2917500864643158	0.02681611597422146
04716864-n	fitness	0.06034889203206035	0.13130787364450733	0.577007072135785	0.20116171617161716	0.030174446016030174
00626188-n	weightlifting	0.0	1.0	0.0	0.0	0.0
00806049-v	concede,grant	0.26363531978413135	0.0616603513606614	0.3894821449075669	0.2310253760477667	0.054196807899873696
00027795-r	yet	0.1103968088828303	0.12228273001567472	0.4068693332005685	0.3140384694997699	0.04641265840115656
00197576-a	back	0.10269502495287947	0.12393952043172829	0.3917281525181537	0.32909592647626584	0.05254137562097267
10538518-n	roomy,roomie,roommate	0.34223134839151265	0.09377138945927449	0.2381930184804928	0.31211498973305957	0.013689253935660508
07135734-n	talk,talking	0.1740840983909879	0.1262155187747875	0.37248214766156484	0.2875314745508647	0.03968676062179501
07127006-n	laughter,laugh	0.12040648074204442	0.08718195233775532	0.4696144790673272	0.2540509806658034	0.06874610718706951
02529284-v	neglect,fail	0.12424895159283474	0.09404778384208719	0.28032579237657357	0.47397205687843924	0.027405415310065264
06611376-n	dogshit,bullshit,bull,shit,crap,horseshit	0.22372304782207625	0.08434403393155147	0.2835732386695604	0.37920485462821196	0.02915482494860005
02680814-v	cease,quit,stop,discontinue	0.17364516038196728	0.12488224243479809	0.3218146085085215	0.3446320503501029	0.035025938324610255
00749230-a	easy	0.1134203981893367	0.08492377618487391	0.5275936597939206	0.23336963038815528	0.040692535443713464
04928903-n	way,manner,fashion,style,mode	0.13891131741558768	0.1003738464228649	0.4610085503141781	0.2613160472406545	0.038390238606714915
02450256-v	participate	0.1076376852199212	0.10565746839330177	0.5730123830825218	0.18520013486368797	0.02849232844056738
02798370-a	societal,social	0.14845226351180912	0.1443178343906458	0.36183305586098785	0.3034568860248151	0.04193996021174209
00109151-r	there	0.17926498832750248	0.16460484877487278	0.20960054838104722	0.3786286593764753	0.06790095514010232
01551633-a	many	0.10865342931055283	0.11063706422926806	0.44619050083221246	0.28500828931676553	0.049510716311201096
00605406-a	awkward	0.051584947512315904	0.07147094477831369	0.12896236878078976	0.7221892651724227	0.025792473756157952
04424418-n	thing	0.15826940253098215	0.12552146170293965	0.38265170547961347	0.2910369081001164	0.042520522186348234
00632438-a	incorrect,wrong	0.1619376806633573	0.1602752315359823	0.2818852895263232	0.3648390772986908	0.031062720975646427
00769553-v	convert,convince	0.0472359510337215	0.037930468680078364	0.7967959108583021	0.11182241271293471	0.006215256714963356
00687926-v	mistrust,suspect,distrust	0.07762579686823048	0.22917620845453987	0.27232778362319743	0.39611313981555984	0.02475707123847249
00864159-v	condemn,excoriate,decry	0.3696942805719428	0.07404259574042596	0.23753874612538753	0.3022885211478852	0.016435856414358564
00193015-a	alarming	0.10323538509124652	0.2477451283637488	0.5938756572842562	0.030399010207237863	0.024744819053510676
06370522-n	saga	0.08435970980259827	0.02986333727011978	0.5483381137168888	0.3374388392103931	0.0
03183080-n	device	0.08807856608094419	0.11771700356718193	0.50279649447307	0.22900427181045493	0.06240366406834896
07309599-n	time,clip	0.13502377745447225	0.11354258392959721	0.41468960228541457	0.2967912651015296	0.039952771228986446
00319886-v	bake	0.08516730428143068	0.04142242442077802	0.5766370527086033	0.2689355677687725	0.027837650820415335
01158872-v	employ,utilise,utilize,use,apply	0.12268909826754905	0.10287210784822591	0.47308875911602366	0.2631669171618863	0.03818311760631512
00965404-n	violence,force	0.2251758083779898	0.16427106720732865	0.3318016740411724	0.2514588872320913	0.0272925631414178
07523760-n	intimidation	0.0	1.0	0.0	0.0	0.0
01148283-a	happy	0.07370167414307276	0.04105817921785953	0.6930542071363884	0.164960657463686	0.027225282038993364
01817500-a	positive	0.03201122241560355	0.03897357982837566	0.826121217962164	0.09680488286782189	0.006089096926034901
07521674-n	apprehension,dread	0.07428337966521052	0.2862967163889135	0.30514469545242867	0.2828482533406093	0.05142695515283805
02609764-v	cease,terminate,end,finish,stop	0.15244427925956527	0.11369480177098377	0.32484082199869746	0.37438395827028925	0.03463613870046423
01645601-v	do,cause,make	0.17748842379890262	0.13749257646483032	0.26709637731483715	0.3972882575633007	0.020634364858129067
00027384-r	notwithstanding,nonetheless,nevertheless,still,yet,however	0.1272340206113192	0.11701454208916984	0.43328821737580053	0.28566680312004566	0.03679641680366473
09190918-n	agent	0.15541290602828323	0.08478932380906416	0.48095950576765295	0.23129735991119266	0.047540904483807135
01117677-a	inauthentic,spurious	0.0	0.22958397534668717	0.0	0.7704160246533127	0.0
10602985-n	sister,sis	0.1698771971554254	0.08983691908643257	0.3677731036276312	0.33706876267497277	0.03544401745553804
01775164-v	love	0.07284339995656383	0.052856058283436994	0.6733703707980818	0.178020014908365	0.0229101560535524
00094448-a	live,alive	0.07771495838325582	0.05071595550757532	0.6570803419001184	0.18510286143587343	0.02938588277317699
00146594-r	so	0.08662541421278544	0.06499216298155015	0.3071672880598906	0.4938257563640973	0.04738937838167643
00631737-v	imagine,suppose,guess,opine,think,reckon	0.13692499410214032	0.13167777636874625	0.3699232534365216	0.31515257568211497	0.04632140041047688
05670710-n	concern	0.15586495601918549	0.143382539870854	0.40040336932020415	0.24103011711268915	0.05931901767706727
02343517-a	superlative,sterling,greatest	0.0991362105444404	0.09402808685375581	0.5355155474275458	0.23218744048566306	0.0391327146885949
00196203-r	properly,decently,right	0.17112080087137008	0.11091776395466703	0.34701504635442576	0.3386142234099955	0.03233216540954182
07302836-n	fire	0.14846959763800438	0.14891611687087652	0.4474669471623247	0.21054748725532568	0.044599851073468685
02694426-n	alarm	0.14621486274079762	0.48824798040720846	0.07310743137039881	0.21932229411119641	0.07310743137039881
00674340-v	disapprove	0.11162375353475221	0.36746539663640426	0.0744158356898348	0.37207917844917404	0.0744158356898348
01160342-n	penalty,punishment	0.21809822111501861	0.06611743290189427	0.38885066852403405	0.3259081372343744	0.0010255402246787712
02748618-n	bayer,aspirin	0.21955824880340755	0.1964168093795284	0.2994774513678479	0.17828129802836695	0.10626619242084925
05563266-n	foot	0.1302718873527915	0.12829609495318073	0.4142953159763096	0.28701023355785266	0.0401264681598656
02560548-a	broad,wide	0.14125059015657532	0.1368157086135771	0.4200831250048374	0.22638793216875772	0.07546264405625257
00292937-a	busy	0.14038085672000938	0.08648267094014983	0.3839718677737914	0.353574214366852	0.03559039019919744
00994076-v	inscribe,code,encrypt	0.11589499913078752	0.1694191728960229	0.3863166637692917	0.2511058314500396	0.07726333275385833
08434259-n	network,web	0.12119962925840906	0.10435459708795415	0.5312786273939237	0.1993571297703342	0.04381001648937889
09931640-n	coach,manager,handler	0.12663809701260792	0.07786445886428872	0.5652362937219669	0.2005573512852294	0.02970379911590692
00636888-v	establish,base,ground	0.07737042723278098	0.11410521114581677	0.5420553408509361	0.22235163322568688	0.044117387544779146
00455599-n	game	0.123298943851629	0.08942638932491132	0.4733177905195485	0.2755416973340628	0.0384151789698485
10702781-n	terrorist	0.11989528795811516	0.443979057591623	0.16335078534031414	0.21780104712041884	0.05497382198952878
00392812-a	black	0.12249930892250924	0.10120294072884606	0.4786387171116998	0.24606272188246406	0.051596311354480826
04509592-n	uniform	0.07336295799446634	0.09868365892512787	0.5135407059612643	0.29345183197786534	0.020960845141276094
01968165-a	daily	0.1266341479731966	0.09539852124765699	0.43987804892617827	0.2962761197863467	0.041813162066621515
13790912-n	basis,footing	0.11330080973133042	0.10141654001494632	0.4758186179428402	0.2702789696567668	0.039185062654116254
01433493-a	long	0.11845470615401142	0.09124619871015927	0.4428310483946023	0.30848233764174277	0.03898570909948435
06542047-n	ban,prohibition	0.2186540731995277	0.2290436835891381	0.10200708382526567	0.42644628099173554	0.023848878394332942
00102586-v	harm	0.21826697347930177	0.14835088208632594	0.32540734025986107	0.2963531134509449	0.011621690723566466
07942152-n	people	0.1705014628368863	0.1159171615641472	0.41136886587915544	0.26239793213101303	0.03981457758879811
01019283-a	disabled,handicapped	0.15198228320812887	0.11644737794375205	0.26054105692822094	0.4276057724318613	0.04342350948803682
10749353-n	veteran,vet	0.09791058805099184	0.13247302563299196	0.3583919165018505	0.3524781169835706	0.05874635283059511
00098714-r	instead,rather	0.1629283021785538	0.11151142637794756	0.3800524622970294	0.31466335904492426	0.030844450101545073
02009433-v	leave	0.14079946163508103	0.12651344027033426	0.3321812835531037	0.3577609166218508	0.04274489791963017
07520112-n	tingle,chill,shiver,frisson,quiver,thrill,shudder	0.1336322017854692	0.1427724388862106	0.5061298529468687	0.17875805378928364	0.03870745259216772
