01625893-a	wicked,revolting,skanky,repellent,foul,disgusting,yucky,distasteful	0.2122253869155479	0.17204404699287085	0.2108790108050084	0.21024087548501552	0.19461067980155744
05526713-n	cock,pecker,dick,shaft,peter	0.24114348823379492	0.22789057854048084	0.26548296661286214	0.26548296661286214	0.0
00689344-v	conceive,believe,think	0.19960192109414984	0.19853306820939678	0.20073032432311552	0.20045795044914663	0.2006767359241912
02604760-v	be	0.19945132778413197	0.19387537043336536	0.2022988627207163	0.20166086494944385	0.20271357411234248
02131072-a	sexy	0.20138448356617586	0.19459494954880197	0.2012515997526703	0.20138448356617586	0.20138448356617586
01101913-v	beat,shell,vanquish,trounce,crush	0.19930372655178083	0.19467114397879504	0.20478348791017809	0.20505166550918746	0.1961899760500585
00019339-r	e'er,always,ever	0.19902453112501087	0.19857301388545023	0.2005711633266842	0.2005089513773553	0.20132234028549945
09081213-n	id,idaho	0.19959021190902992	0.19816592259651022	0.20083098789193116	0.2004625814472285	0.20095029615530022
00514884-a	whole	0.20017356052170973	0.1974525505288233	0.20113802524421262	0.200586440417433	0.20064942328782143
01640850-a	new	0.20139763193541116	0.19653827940867272	0.20395074908797853	0.20219340544945452	0.19591993411848285
09466280-n	world,cosmos,creation,universe,existence	0.20095619105513288	0.19725591274684354	0.20236203243512854	0.20194019842797295	0.19748566533492218
01772960-v	excite	0.1958328453515945	0.19740261166487402	0.20231347938446817	0.20197115038958177	0.20247991320948155
00077645-a	afraid	0.19942336104316477	0.1983627301728897	0.2005868916082707	0.2001323238530038	0.2014946933226711
01767163-v	worry	0.20241187970735827	0.1848834676104793	0.20422689253209497	0.20374467716081804	0.20473308298924947
10388440-n	master,lord,overlord	0.20282286063946384	0.19748759934691695	0.20240460975007324	0.20108694319614015	0.1961979870674059
07523905-n	anxiety	0.20199818444548392	0.1923308324739456	0.20187715868733577	0.2014533473073473	0.20234047708588754
02456157-a	queasy,anxious,nervous,uneasy	0.20003507660665262	0.19892158474042365	0.2004562274306295	0.20013088379166472	0.2004562274306295
00103554-r	first	0.2019019154003284	0.19864572773024364	0.20395311583832482	0.20233089074172553	0.19316835028937762
00087736-v	get,contract,take	0.27864385927849783	0.18234829938735694	0.263647773732152	0.2753600676019933	0.0
04105893-n	room	0.1995111047833894	0.19844028192908492	0.20071484069266315	0.20020333252865946	0.20113044006620312
00087653-v	wan	0.1948013297915607	0.16393646017928787	0.21202972051665323	0.2084072384691983	0.2208252510432999
01553629-a	much	0.200109466711164	0.1976120162301958	0.20064524337134004	0.20080063898828443	0.2008326346990158
05687338-n	problem,trouble	0.2028965930331691	0.20024064402653266	0.20576078679075857	0.20389202548080265	0.187209950668737
00024073-r	not	0.19949551093390114	0.19101059928919906	0.20332640478464212	0.20266139520697987	0.20350608978527782
15281870-n	rev,rpm	0.26624068157614483	0.20127795527156547	0.26624068157614483	0.26624068157614483	0.0
00690614-v	view,consider,regard,see,reckon	0.2004742303657931	0.1982177782199242	0.20103316715799588	0.20034270269759344	0.19993212155869355
01265308-a	laughable,funny,comic,amusing,comical	0.19945566173672016	0.1893771286019879	0.20403490726816892	0.20028512703571993	0.20684717535740307
08649345-n	side	0.20109177834450806	0.19425741069685865	0.2012468226566146	0.20094200464290438	0.20246198365911444
00795720-n	labor,undertaking,project,task	0.20045417642590152	0.19827382537772748	0.2013773610825671	0.20060536451494745	0.19928927259885645
00120316-v	make,get	0.19983436955133674	0.19831204364727523	0.2010044401463148	0.2009881512548384	0.1998609954002348
09879297-n	bully,hooligan,ruffian,rowdy,roughneck	0.25520319754885773	0.16200492314930098	0.2933828298553897	0.28940904944645157	0.0
01543123-v	sit	0.19990873829769762	0.19946130903837556	0.2001929339976584	0.20020877260871753	0.20022824605755096
02423183-v	allow,permit,let	0.20014360282004348	0.19585287687020767	0.20208388715777534	0.20107984249027946	0.20083979066169386
02133435-v	look,seem,appear	0.19990739877379568	0.19700470542102952	0.2011263203063318	0.2003612874240432	0.2016002880747999
15155220-n	day	0.20032045980847973	0.19645559583422462	0.20113828985940016	0.2009826971057995	0.20110295739209594
15203791-n	year,yr,twelvemonth	0.19904699875866397	0.1967415490760984	0.2023442138730895	0.20165393736587175	0.20021330092627637
15262921-n	today	0.19970091719373279	0.19591465465444996	0.20143310196009023	0.20140864319997187	0.20154268299175498
00612612-v	mark,commemorate	0.0	0.2066640222134074	0.39666798889329635	0.39666798889329635	0.0
15249799-n	anniversary	0.18833584107644608	0.18297394735927572	0.20857352106439858	0.21005834524993985	0.21005834524993985
01626562-a	horrid,horrific,outrageous,hideous	0.2723331357374767	0.1676849198105255	0.2842117284924161	0.2757702159595816	0.0
05388805-n	pump,ticker,heart	0.20823684126744055	0.1938494305519249	0.20785617967524792	0.2066093031593078	0.18344824534607884
02287789-v	lose	0.198562406616308	0.19890603876623916	0.20236409581648546	0.20026897649057462	0.1998984823103928
08078020-n	household,family,menage	0.20079087122999725	0.197640029720927	0.20206260960798064	0.20103296383468053	0.19847352560641457
10112591-n	friend	0.2007637756122157	0.19832375783859832	0.20078323378570476	0.20065865085667847	0.19947058190680278
10153414-n	cat,guy	0.20018792026378393	0.19368197526834818	0.20310399017198866	0.20145771710951824	0.2015683971863611
00031304-r	still	0.19988798735476002	0.19885612640737652	0.20050229769512495	0.20036237891321876	0.2003912096295197
01835496-v	go,move,locomote,travel	0.19972213614572984	0.19800554550609778	0.20125586713383378	0.20093071769776558	0.200085733516573
01382086-a	big,large	0.1996424626748448	0.1972876455767922	0.2032214905093531	0.20254705332926878	0.19730134790974108
07997703-n	family,category,class	0.1997618475137237	0.19723589220192708	0.20234067316312757	0.20143513686666323	0.19922645025455854
01564144-v	destroy,ruin	0.19891289301778223	0.18924637617427523	0.2043235845984865	0.20250294514542436	0.20501420106403165
07575076-n	lunch,luncheon	0.20149968273052932	0.19256853137570187	0.20216562788031597	0.20149369072842432	0.20227246728502854
00063172-r	alternatively,instead	0.2007922279110141	0.19530077652867786	0.2009538599929964	0.20135327139060807	0.20159986417670359
00674607-v	select,take,choose	0.1997796928588348	0.19576738619524037	0.2025260759643156	0.20209254380001637	0.19983430118159287
13384557-n	money	0.20256495214125977	0.19443451020263694	0.20343575116274207	0.2021357433284733	0.197429043164888
00232936-r	forth,off,away	0.19972524699659244	0.1984382229552876	0.201330213680696	0.20030074366780462	0.2002055726996193
01236173-n	feud	0.05707264872577385	0.22222662597598192	0.3196068328643336	0.38206967619198606	0.01902421624192462
01462882-a	preferred,favorite,favourite,pet,favored	0.19595554948964364	0.18685275578269356	0.20589746563245487	0.20478695200501346	0.2065072770901946
07520411-n	horror	0.19974507479114426	0.1479049070155248	0.21821630402187966	0.2142078204675753	0.2199258937038761
06613686-n	pic,flick,film,picture,movie	0.20364741595648103	0.1838727024341595	0.206181491894875	0.20485434967975386	0.2014440400347306
00336831-a	sure,certain	0.1996398497862271	0.198124852001947	0.20061957925620913	0.2005898486954911	0.20102587026012586
00035189-n	achievement,accomplishment	0.20161961438163747	0.1962784032413239	0.20039061134092848	0.20009175665447274	0.20161961438163747
01765908-v	worry,vex	0.20325831923044635	0.1869667230782147	0.20325831923044635	0.20325831923044635	0.20325831923044635
07546465-n	hatred,hate	0.19836605017000264	0.19931012476543367	0.20080279708440066	0.2003302200519008	0.2011908079282623
00162863-a	shy	0.19592450723665353	0.19527417595436053	0.20496717680142215	0.19886696320614172	0.20496717680142215
07325190-n	start	0.2111485126760213	0.17425854798838644	0.21310270351758562	0.21014499852303611	0.1913452372949704
00497560-r	yeah,yea	0.19176729087231095	0.13826849227403412	0.2224524422784245	0.22289979477030156	0.22461197980492884
00805376-v	concur,agree,hold	0.20192947847893988	0.19247743086599337	0.20425228479478236	0.2025172416817082	0.19882356417857605
10532058-n	rioter	0.0	1.0	0.0	0.0	0.0
13244109-n	belongings,property,holding	0.19902091690603696	0.1959608212034937	0.20186538367601722	0.20128749453843492	0.20186538367601722
00069879-v	injure,wound	0.20110809300678795	0.20174244813132627	0.22062188930871887	0.2168692361737322	0.15965833337943475
09923673-n	citizen	0.19781000351134573	0.18684570360242467	0.20594731728015947	0.20344965832591075	0.20594731728015947
00871405-v	threaten	0.2268871503286757	0.23883476096743697	0.2219022375051014	0.21078458985758783	0.10159126134119807
13961642-n	animation,living,life,aliveness	0.19428969129254334	0.18748932268713644	0.2074807012360002	0.20491244609890788	0.20582783868541216
02627934-v	need,ask,involve,demand,postulate,take,require,necessitate	0.19964577222305724	0.19777893850845515	0.201236211947539	0.20106368890428783	0.20027538841666084
04637923-n	tolerance	0.20190040995283456	0.1473579909951927	0.21777043004215674	0.21520073896765932	0.21777043004215674
06656408-n	policy	0.2297537666715416	0.1798208379936114	0.23402397151857102	0.21886175397208796	0.13753966984418817
01170502-n	riot	0.2533621047519836	0.20903401658925538	0.297635365347411	0.2280630986974537	0.01190541461389644
01125429-a	bad	0.20108856475975193	0.19491722300755718	0.20077777030517518	0.20271331509327917	0.2005031268342365
01411085-v	slash,lash,flog,whip,strap,lather	0.19937453954166	0.19695849138618118	0.20122232302405293	0.20122232302405293	0.20122232302405293
05145118-n	cost,price	0.2098691866253421	0.1860292794496108	0.2086480639559349	0.20687555084018955	0.18857791912892277
01951480-v	direct,send	0.19999922875297663	0.19533223540760616	0.20067537384673428	0.20187342443599743	0.2021197375566855
10516016-n	refugee	0.2082945761398679	0.1558262731405849	0.28189702691810203	0.2688377156710797	0.0851444081303655
02944826-n	encampment,camp	0.19923123366544077	0.19545117528335237	0.20219251148997097	0.2009325680712649	0.20219251148997097
08208560-n	team,squad	0.20558326390276185	0.17164270896584907	0.21919965706828592	0.21552559498516954	0.1880487750779336
03430551-n	gear	0.1999982860024715	0.1922744169660418	0.20154889485351749	0.20195187057679184	0.20422653160117737
13948912-n	championship,title	0.20633979004926362	0.1746408398029455	0.20633979004926362	0.20633979004926362	0.20633979004926362
01889610-v	agitate,shake	0.19980194266967033	0.19718491300662971	0.20102321552692332	0.20043863949555368	0.20155128930122304
01332730-v	cover	0.20011699204712563	0.19858472979885194	0.2029085254019462	0.20042385035832186	0.1979659023937545
08209687-n	police	0.21572923620635445	0.21717894539757485	0.23069253516725227	0.2205691683297913	0.11583011489902714
00122661-n	shot,shooting	0.1916255869214465	0.2006882405627874	0.2225604279231307	0.21128784933767544	0.17383789525496007
00035718-r	fairly,jolly,pretty,passably,reasonably,somewhat,moderately	0.19951512913860894	0.19820418301379927	0.200802777488933	0.20058417001171974	0.20089374034693908
00011093-r	good,well	0.199476960507769	0.19722190578380844	0.20116107038269487	0.20052703948213524	0.20161302384359245
01825237-v	want,desire	0.1999340497414143	0.1983824120235059	0.2005871197090419	0.200436960371261	0.200659458154777
01805523-v	miss	0.20077472379925038	0.19708991710364063	0.20077472379925038	0.20058591149860824	0.20077472379925038
14483917-n	chance,opportunity	0.20130279710541885	0.1939028728783329	0.20322365609864654	0.2018557886189578	0.1997148852986439
00099527-r	less	0.1996856553410589	0.19932590034250672	0.2003270731078009	0.20027898552260065	0.20038238568603295
07859284-n	sugar	0.20112086658394443	0.19698671543749668	0.19965068481067	0.20112086658394443	0.20112086658394443
13134947-n	fruit	0.2047491447865394	0.18960410648311007	0.20328200648893047	0.20222245321257787	0.2001422890288423
14647235-n	n	0.19461746788040188	0.16019143876529268	0.20951573491290254	0.20809908875686933	0.22757626968453365
15044844-n	soda	0.2009659764601853	0.19613609415925884	0.2009659764601853	0.2009659764601853	0.2009659764601853
14845743-n	water	0.1986984750854316	0.19830184954044552	0.20098581030544446	0.20168332087380414	0.20033054419487448
14024882-n	slumber,sleep	0.20141945868163016	0.1960941409766104	0.2016653397226647	0.2019701528336432	0.19885090778545159
06286395-n	word	0.19853318232029732	0.19784576930762354	0.2015094082838233	0.2009544422073337	0.2011571978809223
01555133-a	more	0.16664789915115877	0.11741324776958845	0.2531185531754158	0.27964765108894984	0.1831726488148871
00037396-n	action	0.2025887421869673	0.19417532478435917	0.20567441728300093	0.2051766748817471	0.1923848408639254
09130076-n	oh,ohio	0.2236011597446819	0.11731607514604311	0.219643419217201	0.21583818614739217	0.2236011597446819
01126841-a	sad,deplorable,sorry,lamentable,pitiful,distressing	0.18889356703337057	0.1578912702355442	0.21928617935560518	0.2179152285425662	0.21601375483291385
01201271-n	divorce	0.21242291871360428	0.14414260442522772	0.21549370399554071	0.21244706887008652	0.21549370399554071
01123148-a	good	0.20035561960406326	0.19592989846170336	0.20212412790500447	0.20162255729277853	0.1999677967364505
10780632-n	wife	0.20196704568479862	0.19293401042924366	0.20216819144673384	0.20201118588896771	0.20091956655025597
06766190-n	reference,mention	0.1998039832469321	0.18792037268922615	0.20340588876516832	0.20443487764933665	0.20443487764933665
01643620-a	old	0.19835841387465245	0.19862160673342816	0.20064726702190958	0.20094354073463686	0.20142917163537294
10243137-n	lady	0.20199237904717038	0.19250727766648357	0.20134692481425945	0.20194157728448042	0.2022118411876062
00079629-a	frightened,scared	0.1986601414886664	0.20017699557171692	0.20038762097987217	0.20038762097987217	0.20038762097987217
00200397-v	edit,redact	0.20430965682362331	0.1827613727055068	0.20430965682362331	0.20430965682362331	0.20430965682362331
10080869-n	father	0.20148579229374314	0.19739666358376443	0.20235575617994297	0.2019708150575547	0.19679097288499456
09874725-n	bride	0.0	0.1615720524017467	0.2794759825327511	0.2794759825327511	0.2794759825327511
07238694-n	address,speech	0.20397614124731883	0.17574296209101234	0.2059513335153633	0.20547008846720394	0.20885947467910165
15234764-n	min,minute	0.19953815769635896	0.18849863472810174	0.20346466352603282	0.2037784336973979	0.20472011035210858
01009240-v	say,tell,state	0.20029435529183506	0.19752563319884772	0.20199590730909023	0.20151725303228965	0.1986668511679374
01522276-v	roll,wind,wrap	0.20150108092398325	0.19283018046169945	0.20250413934675487	0.2001178247727373	0.20304677449482514
05816622-n	datum	0.20135232441168197	0.19540778424943556	0.20053524251551863	0.20135232441168197	0.20135232441168197
02321757-v	steal	0.20454782619852727	0.19081777997717567	0.20703382466235754	0.20474059864954341	0.19285997051239614
07521039-n	awe,reverence,fear	0.2844076983468692	0.11466349672434362	0.3104887536537873	0.2904400512749999	0.0
06936461-n	yay	0.20665194037548648	0.12380297986841346	0.22300592784117318	0.2232695759574634	0.2232695759574634
00892315-v	thank	0.2021356885215943	0.17521807526919117	0.207599066131069	0.2054305273330181	0.20961664274512734
09505418-n	immortal,divinity,god,deity	0.20349761526232116	0.18600953895071543	0.20349761526232116	0.20349761526232116	0.20349761526232116
02457167-a	distressed,worried,upset,disquieted,disturbed	0.1999951705543874	0.1989033400840584	0.19994059086244895	0.200528471682115	0.20063242681699028
02927512-a	american	0.21013361306934286	0.1830312480236741	0.21015031623886404	0.21434939336211545	0.18233542930600363
02455407-v	watch,follow,observe	0.19807903047174685	0.1944904399373756	0.20047324880093942	0.20222944205772903	0.20472783873220923
03544360-n	house	0.19937872229771766	0.19806484166925367	0.20097407493147953	0.20030954806991194	0.20127281303163722
02210855-v	get,acquire	0.199968875702938	0.19690425993336436	0.20181113587408267	0.2011382534716488	0.20017747501796634
01779165-v	scare,frighten	0.19769147862436057	0.19809146946175366	0.2010423174587097	0.2009743603081699	0.20220037414700617
14854581-n	shite,crap,turd,dirt,poop,shit	0.20166104843345753	0.1778649082771028	0.20633121140657196	0.20626841719437108	0.20787441468849674
00074038-v	defecate,crap,shit	0.20532968980488378	0.1647565294585359	0.20784615219100766	0.20892852187217562	0.21313910667339703
02854739-n	pants,bloomers,knickers	0.20450624591602667	0.18393787530404812	0.20450624591602667	0.20254338694787188	0.20450624591602667
00100267-r	belatedly,late	0.20523587283891442	0.20332920525729328	0.20887238227842275	0.20873152675662796	0.17383101286874178
15167027-n	night,dark	0.20003441528339427	0.1974732377805852	0.20085183254813757	0.19999452650193816	0.20164598788594482
05833840-n	idea,thought	0.1995968360694747	0.19872739699424594	0.2010423364003933	0.20052193038573915	0.20011150015014686
01771535-v	feel,experience	0.19999858586790253	0.19991263783595398	0.20004067741519826	0.20001798991354697	0.20003010896739817
10702615-n	threat,terror	0.0	1.0	0.0	0.0	0.0
05093890-n	grade,degree,level	0.200216058753194	0.19720489364309088	0.20211396782454397	0.2010705596586937	0.19939452012047745
00149510-r	actually,really	0.20000209050779613	0.19825414989487616	0.20062467151841	0.20048980301024863	0.20062928506866906
01974062-v	raise,elevate,lift	0.20500408545118612	0.20187798939709084	0.20257070581402378	0.2000013167551757	0.1905459025825235
14410605-n	job,problem	0.20425078165193472	0.18974811801632643	0.20385928023361644	0.20351775940400968	0.19862406069411273
00050681-r	no	0.19117409459355741	0.13617795812874084	0.23110198740753704	0.23241986291184835	0.20912609695831638
01386883-a	great	0.1971555529279202	0.19660356753754415	0.20303029435654144	0.20195268992508433	0.2012578952529099
09614684-n	guardian,defender,protector	0.20276892228317808	0.18892431086728775	0.20276892228317808	0.20276892228317808	0.20276892228317808
00193799-a	dreadful,fearsome,terrible,awful,horrendous,dire,frightening,horrific,dreaded,fearful	0.20015524269974838	0.1834301608993708	0.20535573742044574	0.20476255025410153	0.20629630872633364
01051331-n	placement,emplacement,position,positioning	0.0	0.4440326167531505	0.5559673832468496	0.0	0.0
01712704-v	do,perform	0.1986758317413804	0.19159313252324556	0.20417752358828256	0.20207799480767186	0.20347551733941957
00594621-v	cognize,know	0.199883835933784	0.19851328077693692	0.20059400324846138	0.20018652999748365	0.20082235004333404
00912473-v	shout	0.20099264807367184	0.1985646568849419	0.19948022814757296	0.1999698188201414	0.20099264807367184
07520612-n	terror,panic	0.1972873817754011	0.18998916814525033	0.23007370595965249	0.20792159958247142	0.1747281445372247
00972621-n	attack,onslaught	0.19936810904677385	0.20483256273186343	0.22383788403505678	0.21443974977522967	0.15752169441107636
07519253-n	fright,fearfulness,fear	0.20061344977179532	0.19366566980282396	0.20489437304308866	0.20358306666085077	0.1972434407214415
00345761-v	start,get,begin,commence	0.20048892231523235	0.19765082889629063	0.2013014447732701	0.20124468905043102	0.19931411496477597
03740161-n	medication,medicine	0.20014304618315779	0.19994046236811874	0.20014304618315779	0.19963039908240793	0.20014304618315779
14877585-n	gas	0.21803694111892916	0.18520973724978787	0.24081026022114313	0.22810670219990004	0.12783635921023973
01244410-a	hostile	0.254934809527278	0.2351955714181659	0.254934809527278	0.254934809527278	0.0
00575741-n	work	0.19942287900047947	0.19719667249585426	0.20118605845655504	0.2008311148637725	0.20136327518333877
13934596-n	environment	0.20054915419681404	0.1990346623082243	0.20010670177450754	0.1997603275236399	0.20054915419681404
00759694-n	terrorism	0.22245006073117912	0.14930415748451262	0.21118076940479574	0.17410508439424371	0.24295992798526891
06272803-n	call	0.20294872449199705	0.1941401610315322	0.20400335545139922	0.20481371717261265	0.19409404185245888
01518386-a	military	0.21389707608288375	0.21974671169106294	0.2513539053132841	0.23045599330739175	0.0845463136053774
05839024-n	variety,kind,sort,form	0.1998533257345744	0.19931345467836545	0.20029142619043502	0.20009439778297597	0.2004473956136492
00798245-n	movement,cause,drive,crusade,campaign	0.200330691888649	0.19478608260723557	0.2075215128537509	0.20409487178993518	0.1932668408604295
08559508-n	home,place	0.19965033650875158	0.19893661453174596	0.20253623945398253	0.20188498468488053	0.1969918248206395
02504562-v	force,squeeze,coerce,pressure	0.2011569764146382	0.20275922303266208	0.2022640370572362	0.2031441887720062	0.19067557472345725
01117477-a	phony,phoney,bogus,fake	0.19471670021913068	0.20066780402667625	0.19938220491095623	0.2026022913956836	0.20263099944755336
00417859-n	squeeze,hug	0.20128611945852315	0.20132019764899028	0.20281781793096287	0.20210082992187947	0.1924750350396442
00007846-n	person,soul,individual,somebody,mortal,someone	0.19985108191264025	0.1972986310573288	0.20078090118336697	0.20038169656882998	0.20168768927783398
02061069-v	wince,recoil,flinch,shrink,cringe,funk	0.20173828109399655	0.19502272408296373	0.20173828109399655	0.19976243263504656	0.20173828109399655
00603804-a	combative,litigious,contentious	0.28732006652520503	0.14297184148649422	0.34409588805413777	0.164821930377932	0.060790273556231005
15120823-n	past,yesteryear	0.20014470373173798	0.19739298263663504	0.2003698876048843	0.2007307333788552	0.20136169264788725
01126291-a	dreadful,terrible,awful,painful,unspeakable,atrocious	0.2163399037241642	0.1342206822295075	0.21154742887065334	0.2188429883021431	0.21904899687353174
00193480-a	horrible,ugly,frightful,horrifying,atrocious	0.2087222384901224	0.15833546548023755	0.21104751308989952	0.21084726984984098	0.21104751308989952
01032840-v	network	0.36414194915254233	0.2717161016949152	0.36414194915254233	0.0	0.0
15137890-n	holiday,vacation	0.20032003076679547	0.19331805250909032	0.20214826664775928	0.2016170735682713	0.20259657650808366
03259505-n	habitation,home,dwelling,abode,domicile	0.20090111303494534	0.19880306322783786	0.20096543861951432	0.20118220736740505	0.19814817775029742
01449564-a	lost	0.0	0.22425700166036436	0.2587580788388819	0.2582268406618718	0.2587580788388819
02207206-v	purchase,buy	0.20033841699888433	0.1948271844424651	0.20286656377976317	0.20186628675953278	0.20010154801935465
02075321-a	sick,mad,unbalanced,disturbed,demented,crazy	0.19803828636260212	0.19961832957234904	0.2008822004947185	0.20051974326420088	0.2009414403061295
02101757-a	shocking,lurid	0.19144796385891233	0.12342895491850563	0.23395816187084484	0.21720675748089235	0.23395816187084484
06785654-n	crossword	0.42105263157894735	0.15789473684210525	0.42105263157894735	0.0	0.0
04028315-n	puzzle	0.2886807898887846	0.11231355949124454	0.2995028253099854	0.2995028253099854	0.0
12109827-n	oat	0.0	0.2727272727272727	0.7272727272727273	0.0	0.0
07573696-n	repast,meal	0.19555988183693615	0.19698993494676456	0.20236801083085865	0.20233335174534314	0.20274882064009744
02253205-a	solitary	0.0	0.4418604651162791	0.5581395348837209	0.0	0.0
00694068-v	respect,prize,prise,esteem,value	0.2036773010905994	0.18529079563760256	0.2036773010905994	0.2036773010905994	0.2036773010905994
00910101-a	flat,level	0.19915539291135853	0.1985601527196137	0.20076148478967593	0.20076148478967593	0.20076148478967593
02164165-a	portentous	0.0	1.0	0.0	0.0	0.0
02557719-a	nourishing,nutrient,nutritious	0.2285714285714286	0.08571428571428573	0.2285714285714286	0.2285714285714286	0.2285714285714286
13128582-n	rootstock	0.0	1.0	0.0	0.0	0.0
05957737-n	scruple	0.0	0.2727272727272727	0.7272727272727273	0.0	0.0
02468635-a	typical	0.20548092888476913	0.16310441843541212	0.2095322655785947	0.210941193550612	0.210941193550612
03110669-n	cornet,trumpet,trump	0.21894032591371587	0.16292655730154593	0.13332282911043372	0.24240514383715223	0.24240514383715223
10407954-n	patron,sponsor,supporter	0.1784667225950783	0.1673401845637584	0.21887975391498884	0.21425629194630874	0.22105704697986578
09917593-n	fry,minor,kid,youngster,child	0.20056603206070275	0.19745919119226876	0.20210461570045934	0.20196596209333093	0.1979041989532383
00597915-v	learn,acquire	0.19961707912936139	0.19679207311177038	0.20143744932123941	0.20052560350500842	0.20162779493262048
08276720-n	school	0.2005128828195565	0.19822364280036775	0.20212049200147525	0.20176943150825352	0.19737355087034705
02339171-v	give,yield,afford	0.1990810597294011	0.19757963147216373	0.2009498153699913	0.20097683364421337	0.2014126597842305
01774136-v	detest,hate	0.20142100685151548	0.19586283595089754	0.20040135754999597	0.2016906946210481	0.20062410502654293
15084357-n	u	0.17350354356588468	0.15379535811472267	0.22405932497557152	0.21906219711643998	0.22957957622738123
06206800-n	regard,respect,esteem	0.2093795271972776	0.1582606301479276	0.21028647443437776	0.2110366841102086	0.2110366841102086
08918800-n	ur	0.20118313178163688	0.139743319066268	0.21906862844107658	0.21803598344701713	0.22196893726400158
04914292-n	rudeness	0.29359953024075164	0.11920140927774515	0.29359953024075164	0.29359953024075164	0.0
05564590-n	manus,hand,mitt,paw	0.20019999473892972	0.19555015967555417	0.20259893026518827	0.20166767170001887	0.19998324362030873
10273064-n	failure,loser	0.2645918972622521	0.21011536552592397	0.2645918972622521	0.2607008399495719	0.0
09394007-n	planet	0.1982540139519863	0.189309741561928	0.20860698992166074	0.2073670395030387	0.19646221506138603
10261041-n	lifer	0.0	0.17965545529122234	0.4101722723543889	0.4101722723543889	0.0
00037641-r	indeed	0.20117437576893477	0.1905141180560055	0.20265249212426673	0.20244756743899361	0.2032114466117994
05024254-n	mass	0.22143911241650974	0.1883484067914861	0.21819477193226788	0.22143911241650974	0.15057859644322663
10665698-n	student,pupil	0.20125860642863755	0.1981337744935313	0.20139584324649557	0.2009763036221936	0.1982354722091418
00919542-a	excited	0.2020419883790728	0.19828793769529995	0.20163521221845943	0.19599287332809504	0.2020419883790728
02129289-v	see	0.1991842920873696	0.19762398368406137	0.20155939958792662	0.20046400421447164	0.20116832042617058
00654625-v	classify,sort,class	0.18543620889517554	0.1997692707747344	0.2059225620702819	0.2029493961895264	0.2059225620702819
01844431-v	frequent,haunt	0.0	0.25988581095369	0.370057094523155	0.370057094523155	0.0
02108026-v	get,experience,receive,have	0.19817543843547195	0.1987319424714875	0.20095970999371227	0.20030108413734227	0.20183182496198598
05984584-n	experience	0.20022981189426056	0.19756968596662694	0.2006153456695783	0.20069922975581095	0.20088592671372332
13936676-n	nightmare	0.23239038793853803	0.17262602089431275	0.2224389394441423	0.2352276709297506	0.13731698079325633
08059870-n	firm	0.20330602501392345	0.19192422843613155	0.21889372626331982	0.20258588256509427	0.18329013772153097
00066191-v	cry,weep	0.19804310970510733	0.19627916094029857	0.2000677726313429	0.20251163859991092	0.20309831812334023
08302724-n	who	0.20079588185900477	0.20016307059496427	0.19744928382802135	0.20079588185900477	0.20079588185900477
00941990-v	verbalise,talk,speak,mouth,verbalize,utter	0.19850537733526366	0.19926433588804762	0.20091388265646326	0.2011027822477631	0.20021362187246236
14374432-n	anxiousness,anxiety	0.20158683151724566	0.18309026065361553	0.20585353001690057	0.19995388129092162	0.20951549652131662
00782216-a	wispy,dim,faint,shadowy	0.20041686708353373	0.198332531665865	0.20041686708353373	0.20041686708353373	0.20041686708353373
00020759-r	never	0.1993936442765157	0.19499487156077774	0.2020417418760372	0.20167933495495688	0.20189040733171248
00811248-a	anxious	0.20010118061626822	0.1999800874976509	0.1997163706535446	0.20010118061626822	0.20010118061626822
00181781-n	election	0.20159674940668376	0.20136941751382836	0.20414095286552306	0.20342408836329406	0.18946879185067084
04632157-n	life,liveliness	0.199986912475054	0.200075521165861	0.19885578855719974	0.19989805076885644	0.2011837270330289
01815628-v	please,delight	0.2005311290412917	0.1915006444815896	0.19959033161407239	0.2032934844582982	0.20508441040474812
01494310-v	lay,set,pose,position,put,place	0.200322655817333	0.19895677387497893	0.20332805345593094	0.20249514863334517	0.1948973682184122
02032953-a	left	0.20169744440594212	0.19375172873545032	0.20169744440594212	0.20115593804672344	0.20169744440594212
00350030-n	turn,turning	0.19440960366902904	0.1975520033133294	0.20382118458422213	0.20039602384919733	0.20382118458422213
06791372-n	signal,signaling,sign	0.20736732164172253	0.20864866202598478	0.2189666352951979	0.21174073633045634	0.15327664470663854
00008997-r	utterly,perfectly,absolutely	0.19886682437888326	0.1973471092501486	0.2014840894928518	0.20106378607979564	0.20123819079832075
00752847-a	silly,pathetic,ridiculous	0.1991609879325825	0.1958570702853982	0.20157591741120454	0.20149659584999993	0.2019094285208148
07891726-n	vino,wine	0.20307434433025898	0.19572279467131187	0.20479094816191432	0.20554238749633022	0.19086952534018475
00797299-a	intoxicated,inebriated,drunk	0.20380353213309843	0.2000512083748216	0.20573099182747268	0.20215619163439005	0.18825807603021727
00229630-a	worst	0.1985033264258232	0.18371721777566571	0.20401974420978372	0.20498177248780639	0.208777939100921
05840650-n	variant,version,edition	0.20036574043139943	0.18911111207167824	0.20306486324342043	0.2030840213473756	0.2043742629061264
00017445-r	even	0.1997117965091644	0.19803791340898486	0.20087517025179213	0.20065953279300983	0.2007155870370487
00607780-v	remember,recall,recollect,think	0.20052423014710224	0.1968515989677759	0.20069233490331603	0.2008698256179146	0.20106201036389118
00022131-r	as,equally	0.19567376891679042	0.1889946055088755	0.21161254551700237	0.2091229571252898	0.19459612293204204
00392690-r	longer	0.19936746494310803	0.19964602567033324	0.20011022393850192	0.20011566346146614	0.20076062198659073
01152746-a	soft	0.1987831885946186	0.17048775119245796	0.2099664473671226	0.21038130642290043	0.21038130642290043
05768553-n	dream	0.19977273631298564	0.19559514582957369	0.2023268641802178	0.20057788848243518	0.20172736519478765
02530167-v	attempt,assay,seek,essay,try	0.20028432949270322	0.197862789538482	0.20146461480028632	0.20132779233956366	0.19906047382896486
05332802-n	kidney	0.20446761744108774	0.18212953023564893	0.20446761744108774	0.20446761744108774	0.20446761744108774
00759944-v	pray	0.19972364779415913	0.197273521515076	0.20107378567480258	0.20047068390879652	0.20145836110716575
00063652-n	success	0.19830741768942728	0.17325702896145717	0.21717257083266123	0.21453795498996145	0.19672502752649296
00720063-v	look,wait,await,expect	0.2034034148805793	0.1984455481560379	0.20579738832425287	0.20322506170937926	0.1891285869297507
04716864-n	fitness	0.20317315137392097	0.19116397077784625	0.20182613976643543	0.20066358670787643	0.20317315137392097
00626188-n	weightlifting	0.0	1.0	0.0	0.0	0.0
00806049-v	grant,concede	0.23296294960135647	0.1416650131678632	0.248565965583174	0.22115922291568962	0.15564684873191673
00027795-r	yet	0.20050351966048915	0.19898169814003916	0.20008890906555488	0.19998015366441496	0.20044571946950174
00197576-a	back	0.20154102946635347	0.19512159930633532	0.20114882916448418	0.2041020913246185	0.19808645073820874
10538518-n	roomie,roommate,roomy	0.20680958385876422	0.17276166456494327	0.20680958385876422	0.20680958385876422	0.20680958385876422
07135734-n	talking,talk	0.20576655018379478	0.19746642294518418	0.2123482040626364	0.2084003958132943	0.17601842699509035
07127006-n	laugh,laughter	0.20226335747864949	0.19022781404101918	0.19680730734175092	0.203180679577709	0.20752084156087156
02529284-v	neglect,fail	0.20213469138715812	0.197706097445007	0.20225886773224494	0.20346211189446192	0.19443823154112788
06611376-n	horseshit,crap,bull,dogshit,bullshit,shit	0.20060596520584764	0.18669385388018042	0.20388502279029716	0.20359821659335334	0.20521694153032133
02680814-v	discontinue,stop,cease,quit	0.20038626923766434	0.19774158038972692	0.20261381616915228	0.20276820793403938	0.19649012626941711
00749230-a	easy	0.1990046214829067	0.1963362033315332	0.20151352775195805	0.20070035983512666	0.2024452875984754
04928903-n	mode,style,way,manner,fashion	0.2001323811045461	0.19770342687312112	0.20090540866331327	0.2006094642479398	0.2006493191110798
02450256-v	participate	0.20073859996634677	0.19704560013461292	0.20073859996634677	0.20073859996634677	0.20073859996634677
02798370-a	societal,social	0.19992199648157066	0.19514418106712106	0.20126940633109977	0.20147908997552025	0.20218532614468832
00109151-r	there	0.20186485464972195	0.17937727460330025	0.19399299187866934	0.20630430242836548	0.21846057643994293
01551633-a	many	0.20012653278248607	0.19796172551271732	0.20072388635490448	0.20026160036454924	0.200926254985343
00605406-a	awkward	0.20310067023221176	0.1875973190711529	0.20310067023221176	0.20310067023221176	0.20310067023221176
04424418-n	thing	0.19990500761206695	0.19877381809652786	0.2004936448147546	0.20033085106288046	0.20049667841377014
00632438-a	wrong,incorrect	0.20116068049914462	0.1967183082838015	0.20227442040952132	0.20028236268995778	0.19956422811757477
00769553-v	convert,convince	0.20150282976910883	0.1951954713515742	0.20150282976910883	0.20029603934109935	0.20150282976910883
00687926-v	distrust,mistrust,suspect	0.19194441539493584	0.16528206789422806	0.21425783890361202	0.21425783890361202	0.21425783890361202
00864159-v	decry,excoriate,condemn	0.24968490648449088	0.18058099650256107	0.24828362871596224	0.24128030948507898	0.08017015881190676
00193015-a	alarming	0.2110886328415407	0.14706936046829513	0.22768428758076062	0.18647343152864293	0.22768428758076062
06370522-n	saga	0.2696871628910464	0.19093851132686082	0.2696871628910464	0.2696871628910464	0.0
03183080-n	device	0.20579631862165626	0.1896874343709266	0.20431100606116953	0.20579631862165626	0.19440892232459128
07309599-n	time,clip	0.2001385755853027	0.19761951644217038	0.20098611647243284	0.20069733567975026	0.2005584558203438
00319886-v	bake	0.19166451062804998	0.19491239974420435	0.20584066793262745	0.20174175376249082	0.20584066793262745
01158872-v	utilize,use,utilise,employ,apply	0.19973058195097318	0.19690899199204281	0.20156414104553247	0.2012593744328802	0.20053691057857137
00965404-n	force,violence	0.21562895608866461	0.20056567672884434	0.23315744856386791	0.2173572183344536	0.13329070028416945
07523760-n	intimidation	0.0	1.0	0.0	0.0	0.0
01148283-a	happy	0.19985107137592936	0.1940163149176334	0.2015358931279268	0.2016216993672522	0.20297502121125827
01817500-a	positive	0.19901446054241154	0.19560643727774604	0.2020000210843765	0.20104503684643973	0.2023340442490262
07521674-n	dread,apprehension	0.20817646443774301	0.1695995038366904	0.20587110285008062	0.20817646443774301	0.20817646443774301
02609764-v	terminate,stop,finish,end,cease	0.20027911720516553	0.19975829178616109	0.20162578754291782	0.20160845080182666	0.1967283526639289
01645601-v	make,do,cause	0.19673187529505762	0.1987516080307596	0.2018882463107612	0.20035790364903613	0.20227036671438547
00027384-r	yet,nonetheless,nevertheless,notwithstanding,however,still	0.2006904985141777	0.1977277616718824	0.2003843246614201	0.20034768786214427	0.20084972729037556
09190918-n	agent	0.2222689573199575	0.17870525893447842	0.23204925717059993	0.2205317620531193	0.14644476452184488
01117677-a	inauthentic,spurious	0.0	0.37343358395989973	0.0	0.6265664160401002	0.0
10602985-n	sis,sister	0.1976418730569084	0.19829464404146727	0.20106483883061083	0.20128524061679653	0.20171340345421704
01775164-v	love	0.1989085914301144	0.19733462747210026	0.20142433909620794	0.2006679385616541	0.20166450343992331
00094448-a	live,alive	0.2033722417673807	0.19288431090023167	0.2057375920309914	0.20307353996082642	0.19493231534056993
00146594-r	so	0.18911015860648875	0.13030076310463887	0.2226987178025463	0.22511711348033597	0.23277324700599009
00631737-v	imagine,guess,suppose,opine,reckon,think	0.19911098369435518	0.19879841757181183	0.2007990632932957	0.20044738898501624	0.20084414645552107
05670710-n	concern	0.21178569090598048	0.14467193543803483	0.21589635755380493	0.2117496585483749	0.21589635755380493
02343517-a	superlative,sterling,greatest	0.20550999577918905	0.1806583236066715	0.20281168905576133	0.20550999577918905	0.20550999577918905
00196203-r	decently,properly,right	0.2000331922755666	0.1983132810666863	0.20043951042998154	0.20034859135941738	0.20086542486834827
07302836-n	fire	0.19940144704648596	0.1797307566687218	0.2290223934693549	0.21865732507785987	0.17318807773757752
02694426-n	alarm	0.2249600695876482	0.10015972164940723	0.2249600695876482	0.2249600695876482	0.2249600695876482
00674340-v	disapprove	0.20733982998133943	0.17064068007464234	0.20733982998133943	0.20733982998133943	0.20733982998133943
01160342-n	penalty,punishment	0.24563984927879637	0.21926335070338435	0.25507272750345233	0.24941534521395267	0.030608727300414282
02748618-n	aspirin,bayer	0.26502937408896154	0.16935377004284644	0.22593754141083972	0.17933654313353065	0.16034277132382174
05563266-n	foot	0.19967490961586526	0.1959975052271542	0.20144329154991655	0.200990558471614	0.2018937351354499
02560548-a	wide,broad	0.20088608990789034	0.19728130062787652	0.20006042964845241	0.20088608990789034	0.20088608990789034
00292937-a	busy	0.19932330622883168	0.1979890547356033	0.2008602686488215	0.20039357135763103	0.20143379902911238
00994076-v	inscribe,encrypt,code	0.2050398802567099	0.17984047897316027	0.2050398802567099	0.2050398802567099	0.2050398802567099
08434259-n	web,network	0.20087986257685106	0.188684079621126	0.21346835507550646	0.20333564525297637	0.19363205747354023
09931640-n	handler,manager,coach	0.19438941227969264	0.1741604877907705	0.21071194326549958	0.20934169151137674	0.21139646515266058
00636888-v	base,establish,ground	0.19355173768443468	0.19745300385284437	0.20285159139763737	0.20307183353254177	0.20307183353254177
00455599-n	game	0.19990094599333957	0.19099274476833553	0.2085169632166427	0.20586143020881187	0.19472791581287033
10702781-n	terrorist	0.20792234484238678	0.20998588538270424	0.2124621340310852	0.2266262762998242	0.1430033594439996
00392812-a	black	0.19203373902860418	0.19624775708248268	0.20612375279270337	0.20432529346641629	0.2012694576297936
04509592-n	uniform	0.20236360692892993	0.19054557228428043	0.20236360692892993	0.20236360692892993	0.20236360692892993
01968165-a	daily	0.20048054752595798	0.2001146705267231	0.20004753127561056	0.19887670314575032	0.20048054752595798
13790912-n	footing,basis	0.19917534155816777	0.19755748074909515	0.20173391808016009	0.199799341532417	0.20173391808016009
01433493-a	long	0.19949879452131175	0.19817244491591768	0.20067087973310105	0.20048503200067896	0.20117284882899059
06542047-n	prohibition,ban	0.20776391687811563	0.23742116556658807	0.23262378943761378	0.23154682744947666	0.09064430066820597
00102586-v	harm	0.19887218902522466	0.19755426460142972	0.2011911821244486	0.2011911821244486	0.2011911821244486
07942152-n	people	0.1994968417926511	0.1979050553603722	0.20124370030518407	0.20088481395530502	0.20046958858648742
01019283-a	handicapped,disabled	0.21347913442564523	0.14934257708298396	0.21347913442564523	0.21022001964008039	0.21347913442564523
10749353-n	vet,veteran	0.20178678693886332	0.1950125162344872	0.19962712294892304	0.20178678693886332	0.20178678693886332
00098714-r	instead,rather	0.2001177769615302	0.19857375668872632	0.20047252555374753	0.20017224239444692	0.20066369840154902
02009433-v	leave	0.1993180255264925	0.19917393792439358	0.2012370675572904	0.20066438931220013	0.19960657967962323
07520112-n	shiver,quiver,chill,frisson,thrill,shudder,tingle	0.1997822271746431	0.18328603172351418	0.20612789754814279	0.2030042339740073	0.2077996095796925
05122557-n	majority,bulk	0.20452729125994815	0.18176510480002436	0.20494320541210803	0.20382119311581143	0.20494320541210803
