01625893-a	disgusting,skanky,repellent,revolting,foul,distasteful,yucky	0.24102193299590263	0.0736865486131787	0.20182042448215728	0.4665286697952259	0.01694242411353551
01792158-n	cock,rooster	0.08264808755046268	0.07362417539072091	0.6424808111056104	0.18514717187694957	0.016099754076256485
00689344-v	conceive,think,believe,consider	0.138392982710414	0.11917647212052801	0.3992007820289393	0.30140942860583714	0.041820334534281654
02604760-v	be	0.13823434662649306	0.10805998251422834	0.4110418465562196	0.3045261604125878	0.038137663890471185
02131072-a	sexy	0.042556994454823624	0.028785551049242707	0.7626851761221216	0.11915958447350615	0.046812693900305985
01101913-v	crush,beat,trounce,vanquish	0.0622963201443198	0.04508308847601622	0.12135305232814822	0.7612803490626141	0.009987189988901616
00019339-r	always,ever	0.12201543420340707	0.111211815153406	0.43456102502503113	0.28870415580027453	0.043507569817881106
09081213-n	idaho,id	0.15185225581069622	0.10334905816237344	0.41445475644157054	0.29847125186813367	0.03187267771722618
00514884-a	whole	0.14985677691328972	0.14085151556339612	0.35055596950629125	0.32157669290511304	0.03715904511190991
01640850-a	new	0.08926314689451252	0.11912509879935633	0.5209155946424721	0.22694642043157048	0.043749739232088726
09466280-n	world,cosmos,creation,universe	0.12395069492444555	0.09591500808638775	0.4625535217888284	0.2765017337560433	0.041079041444295
01772960-v	excite	0.03713250076515457	0.09329934646798654	0.7272776100772356	0.10088217819999641	0.04140836448962691
00077645-a	afraid	0.0431287814705232	0.7128882611606226	0.10104568044187896	0.13253624356637808	0.010401033360597191
01767163-v	worry	0.13454047688544887	0.1903399610866924	0.31141098290555286	0.3238352138335027	0.03987336528880318
10280130-n	maestro,master	0.08325053524664781	0.10338630601086965	0.5537843702549456	0.23391590610063545	0.025662882386901436
14374432-n	anxiousness,anxiety	0.1181840215262252	0.31477405377599255	0.23496515343370994	0.2993076439863087	0.03276912727776349
00811248-a	anxious	0.08528791784391994	0.7337218386114496	0.0724489260123109	0.09290918411887475	0.015632133413444674
00103554-r	first	0.1365070370956887	0.13397266815788436	0.4424165643928897	0.24100629973474805	0.046097430618789355
00087736-v	take,get	0.10974539069359086	0.2683823529411764	0.4938542581211589	0.12801799824407376	0.0
04105893-n	room	0.14719139221931984	0.14020010859951534	0.3725809436269591	0.30965613696815575	0.03037141858604993
00087653-v	wan	0.1469387245191158	0.05564657464814874	0.3688147172518659	0.4071837265001195	0.02141625708075
01553629-a	much	0.13026255502452289	0.09684088357727744	0.403870380381595	0.32464172219685866	0.04438445881974607
05687338-n	trouble	0.1519215479232072	0.12898207770413597	0.3485435581241142	0.335889845289387	0.034662970959155506
00024073-r	not	0.15175473479806778	0.10272387473766573	0.3388581053042693	0.36242449030898505	0.04423879485101221
15281870-n	rev,rpm	0.2351834430856068	0.059266227657572904	0.27438068359987455	0.43116964565694577	0.0
02129289-v	see	0.13484350378460666	0.10431352756459518	0.4280727160698824	0.27010931813352634	0.06266093444738949
01265308-a	comical,amusing,comic,laughable,funny	0.039610349756989384	0.029031805742030202	0.19122644091699387	0.08808614075665921	0.6520452628273273
08649345-n	side	0.14387677865618217	0.1249617455417705	0.438659856856467	0.2646033400157695	0.027898278929810744
00795720-n	task,project,labor,undertaking	0.09593493654911309	0.11624090303582695	0.5330009114492043	0.21431003295239429	0.04051321601346141
02406908-a	nervous	0.03590067594692965	0.7582466336229595	0.1285893763254957	0.06520508449804395	0.012058229606571153
00120316-v	make,get	0.11187043623410692	0.11110184615957383	0.4608812555506254	0.28718615770291933	0.028960304352774385
09879297-n	rowdy,ruffian,hooligan,bully,roughneck	0.10614162842461046	0.466791239592207	0.23343134291445677	0.19363578906872572	0.0
01543123-v	sit	0.14619178889328538	0.12967664815660482	0.3399657685696987	0.3331475661383119	0.05101822824209924
02423183-v	let,allow	0.14964477136604368	0.10387136420186159	0.41868654987014864	0.2980180536183422	0.029779260943603784
02130524-v	look	0.10918203169788988	0.10373868958929887	0.4452929248298472	0.2858849473259622	0.05590140655700177
15155220-n	day	0.11176305608338459	0.07832792474330832	0.45184676776130384	0.3250635761121928	0.03299867529981046
15203791-n	yr,twelvemonth,year	0.10089403451379156	0.09638807544028162	0.4684877919898915	0.28576103864238406	0.0484690594136514
15262921-n	today	0.14024164613123904	0.06672372140450075	0.45687310384272545	0.301481940563861	0.034679588057673634
00651991-v	mark	0.15301734372444215	0.11355469842392135	0.48543433181547163	0.23216424565087773	0.01582938038528712
15249799-n	anniversary	0.07454831799195924	0.06816558902072797	0.49535356894814575	0.30324076338416694	0.05869176065500006
01127661-a	horrid	0.1846657549834799	0.23302821892374798	0.2395663848434334	0.32277577584571926	0.019963865403619448
05919263-n	bosom,heart	0.09418769065817821	0.10388117213100305	0.43039625829992045	0.338854594763549	0.03268028414734926
02287789-v	lose	0.08889362792931932	0.10677204569296618	0.25045251373783195	0.527690428646207	0.026191383993675543
08078020-n	home,household,house,menage,family	0.10544529842982786	0.07901007899466836	0.5133124925578793	0.2764605528847296	0.025771577132895015
10112591-n	friend	0.16154131519905984	0.0884919354325294	0.4033994754814654	0.32030630753253764	0.026260966354407667
10153414-n	cat,guy	0.14476097757040707	0.09701573891768041	0.4657538163928812	0.250181138640814	0.042288328478217396
00031304-r	still	0.11957001995572629	0.14638058931838965	0.36714291320313824	0.311048186816899	0.055858290705846914
01835496-v	travel,locomote,go,move	0.12964273047948938	0.12937578897609558	0.390888305560389	0.31020049051739085	0.039892684466635
01382086-a	big,large	0.1139479992668942	0.13458774721217023	0.4293881786515482	0.2792802404837663	0.04279583438562096
07997703-n	category,class,family	0.1210541115524533	0.1176196765775841	0.4359731916753437	0.29272154949674134	0.032631470697877696
01564144-v	destroy,ruin	0.22711843881450772	0.11145600706650854	0.2976570820021299	0.35664497561983327	0.007123496497020597
07575076-n	lunch,luncheon	0.15455087914710794	0.0893778343543639	0.425426843822102	0.29086403055135646	0.039780412125069615
00063172-r	alternatively,instead	0.18468379856450806	0.09827661573789354	0.3964706406796929	0.2926246907003518	0.02794425431755363
02599636-v	take	0.14521065201239877	0.11553446266552282	0.42012111633801424	0.2818057766027024	0.03732799238136175
13384557-n	money	0.19201204996106894	0.08599328844034598	0.39112795496438996	0.3046473446055031	0.026219362028692045
00232936-r	forth,away,off	0.1371899581784805	0.12949189549631998	0.3617809555083138	0.3322050966091055	0.039332094207780235
01236173-n	feud	0.019611047556790318	0.3054420656970092	0.27455466579506455	0.3938552050988723	0.0065370158522634406
01462882-a	favored,pet,favorite,favourite	0.08945222180643787	0.06178073728440637	0.5959717447103635	0.22865297943623303	0.024142316762559214
07520411-n	horror	0.08499602417455897	0.34101607850763105	0.3650308343072341	0.1897036710442462	0.019253391966329667
06613686-n	flick,picture,film,movie,pic	0.11103205546507564	0.08560188003161007	0.4781084405839701	0.255612493899463	0.0696451300198812
00336831-a	sure,certain	0.0919554713179056	0.10550787305842614	0.5613072333736975	0.2071302236217327	0.034099198628237945
00035189-n	accomplishment,achievement	0.08106745572323572	0.07528759946596814	0.5791205701068823	0.1935903509460826	0.07093402375783124
07546465-n	hate,hatred	0.24616094802600602	0.13784685385321177	0.1806665982636801	0.417995092709351	0.01733050714775104
00339941-a	diffident,shy,unsure	0.01805686357043143	0.8874011670689128	0.04435709765041835	0.04533974908321195	0.004845122627025489
07325190-n	start	0.10181386665318352	0.10385319301664787	0.47419547349220476	0.2847671820140914	0.03537028482387253
00497560-r	yeah,yea	0.07666000210459857	0.037366742486178446	0.421484308598904	0.38759015371664	0.07689879309367892
00805376-v	concur,agree,hold	0.1333861123170825	0.11172418172443713	0.48738998722398874	0.2273011832477573	0.04019853548673427
10532058-n	rioter	0.0	1.0	0.0	0.0	0.0
01619929-v	destroy,destruct	0.2391184849297261	0.11618586189005752	0.295098472238563	0.31487971361946954	0.034717467322183886
13244109-n	property,belongings	0.1338849592953423	0.22171804795586988	0.33364473508608034	0.2573691000489345	0.05338315761377285
00069879-v	wound,injure	0.15615661765961442	0.14369994706555334	0.28033912197121047	0.4013626351109062	0.01844167819271554
09923673-n	citizen	0.11363567578573176	0.09984839772073814	0.5035066625212202	0.2554952386979263	0.027514025274383618
02697120-v	imperil,jeopardise,jeopardize,endanger,threaten,menace	0.035220958166966305	0.9051170469273825	0.0309149081320375	0.027808935793639522	0.0009381509799742542
13963192-n	life	0.10451387042564747	0.09347540472251986	0.46350807597905835	0.30312512647267126	0.035377522400103126
02627934-v	require,take,necessitate,ask,involve,need,demand	0.1293141977862436	0.10462405467313082	0.445159493727276	0.2862851515900626	0.03461710222328685
04637923-n	tolerance	0.18709226467847156	0.05912162162162161	0.3689033861447654	0.3654667598633117	0.01941596769182976
05901508-n	policy	0.09261368545910152	0.07475864669332223	0.5532077013110452	0.2549115103336135	0.024508456202917455
01170502-n	riot	0.2464533873769543	0.24145917776491024	0.16285466126230458	0.34850897510133183	0.0007237984944991315
01125429-a	bad	0.1310261993171393	0.08003264855668088	0.18696522468874663	0.5832816397852553	0.01869428765217791
01322675-v	slash	0.3030086981320405	0.12662198773705977	0.28518465706544993	0.28518465706544993	0.0
05145118-n	price,cost	0.15369237616104642	0.06160513546562119	0.5175346999678818	0.21644109467110456	0.050726693734345935
01951480-v	send,direct	0.1387711255916658	0.10464306095882493	0.4441146740569715	0.27507450605932887	0.03739663333320901
10516016-n	refugee	0.16142785487376687	0.1735997324862063	0.32770439725798367	0.31252298946664436	0.02474502591539876
02944826-n	camp	0.09100669797906134	0.1657966284978709	0.47719011985553444	0.23522009432201482	0.030786459345518356
08208560-n	team,squad	0.07536501643150981	0.042629163512902614	0.6940250797187352	0.1644548945691965	0.023525845767655915
03430551-n	gear	0.1577297926560049	0.07941324701690126	0.45991893637712333	0.24615089759151604	0.056787126358454544
13948912-n	championship	0.12527584778020834	0.045976236135336454	0.4914667874454327	0.2987347139374199	0.03854641470160257
01889610-v	shake,agitate	0.060426392381549884	0.6981646023396064	0.10643455075231774	0.11387992647192033	0.02109452805460554
01332730-v	cover	0.13831502071011023	0.15068659850175228	0.4124821891235822	0.2545441005927423	0.04397209107181291
08209687-n	police,law	0.25250604480299377	0.26185000504924444	0.18368579599909304	0.28389519673952185	0.018062957409146943
00122661-n	shot,shooting	0.09923759309078627	0.12885821353162924	0.4966402170807809	0.22650268978050908	0.04876128651629456
00035718-r	passably,pretty,fairly,jolly,somewhat,moderately,reasonably	0.08468495093749888	0.06478016736826196	0.5430797950492305	0.27830371587620856	0.0291513707688
00011093-r	well,good	0.0875398225301579	0.07916655762673684	0.5721283797108849	0.22979930433985593	0.031365935792364255
01825237-v	want,desire	0.15387057480987218	0.10877428931164163	0.42356153595876506	0.2884889088321198	0.02530469108760119
02127853-v	miss	0.05754680775363509	0.042174928487344276	0.28014085970206454	0.5968082111582171	0.023329192898739016
14483917-n	opportunity,chance	0.09819355987164886	0.08081642615360476	0.5292613571194588	0.26022262330672036	0.03150603354856706
00099527-r	less	0.17560912447391752	0.16249045531451126	0.38367123136551345	0.25742779286203604	0.020801395984021722
07859284-n	sugar	0.11395132141988096	0.11984474132456542	0.41248004368134	0.31099214804175845	0.04273174553245536
13134947-n	fruit	0.07071432939881352	0.056634533056082195	0.5616609840376735	0.26615344627239923	0.04483670723503149
13647667-n	n	0.15754361332543934	0.1208943415849023	0.3726848307680202	0.3133257711463538	0.035551443175284254
07927512-n	pop,tonic,soda	0.053234317502778156	0.3279167415274256	0.45914598846146165	0.1330857937569454	0.026617158751389078
14845743-n	water	0.1178668588532435	0.11022087749332148	0.504243398816725	0.2345844939195025	0.03308437091720756
14024882-n	sleep,slumber	0.13852690591996547	0.09009345466317706	0.2777337894253735	0.46008252041557934	0.03356332957590461
06286395-n	word	0.14105747723039455	0.11045439685348273	0.4289663269991868	0.2708828099951308	0.048638988921805085
01555133-a	more	0.03935458480913027	0.03697015996481237	0.3847489408986735	0.4379933791698498	0.10093293515753408
00037396-n	action	0.1803052530722103	0.10247923698658999	0.37893145521987537	0.3032085763470614	0.035075478374263
09130076-n	ohio,oh	0.03780432481475881	0.07438000907303796	0.3713518826553757	0.3557954029941025	0.16066838046272494
01150475-a	regretful,bad,sorry	0.07209350680111173	0.01888071337796449	0.07888578146675804	0.8180911857470303	0.012048812607135424
01201271-n	divorce	0.20334280513024153	0.06554105276186252	0.2681670268012315	0.4423208824758005	0.02062823283086396
01123148-a	good	0.08952785362905649	0.07156482059029692	0.560334846294783	0.2490795872013028	0.02949289228456086
10780632-n	wife	0.12074044123001808	0.06516984975310293	0.47910695322596597	0.2908151896863	0.04416756610461305
06766190-n	mention,reference	0.11633317004483476	0.09097658970140172	0.43581773488830844	0.27779108005456615	0.07908142531088885
01643620-a	old	0.13135190215804302	0.09384120881183124	0.4352049018781823	0.3004401617243537	0.03916182542758979
10243137-n	lady	0.13734147862052187	0.07828751292500455	0.5351636153518643	0.202322572633457	0.046884820469152315
00079629-a	frightened,scared	0.029210333823139117	0.8254662325304402	0.04676890013787925	0.0867409358958591	0.0118135976126823
00200397-v	edit,redact	0.11702750146284377	0.1339964891749561	0.48683440608543005	0.1966062024575775	0.06553540081919251
10080869-n	father	0.18550961675756944	0.10949374675960814	0.35009594232312524	0.3311384570275366	0.02376223713216065
09874618-n	bride	0.06001500375093774	0.06976744186046513	0.7021755438859715	0.13803450862715677	0.03000750187546887
07238694-n	speech	0.1871138608772862	0.14962241744687269	0.4010007632569419	0.2097753750128485	0.052487583406050496
15234764-n	minute,min	0.14277721738992513	0.10470353151791546	0.38619170790271384	0.32386142846288785	0.04246611472655787
01009240-v	say,state,tell	0.154712699359716	0.11559915444899099	0.38933237140885024	0.2954345948844851	0.04492117989795775
01283208-v	wrap	0.08672594303498593	0.09912357752619848	0.5273680166965576	0.2561982055604627	0.030584257181795273
05816622-n	datum	0.04133829068599679	0.15339180675078606	0.501311882813241	0.2480297441159807	0.05592827563399564
02321757-v	steal	0.32206845184613275	0.09823237737373638	0.27388670013619976	0.2733178585282246	0.0324946121157066
07510184-n	awe	0.05174283713842479	0.16140635081890695	0.44097417663129285	0.16054145330239838	0.18533518210897712
06936461-n	yay	0.030130609378669532	0.010314815805199726	0.7061021576008985	0.2022968834653689	0.05115553374986339
00892315-v	thank	0.06022082333347531	0.06084407831258778	0.6545409729146703	0.19130826058923436	0.03308586485003211
09536058-n	god	0.09852837107706483	0.09443333604839467	0.5086643299622782	0.2538163033301541	0.04455765958210828
02457167-a	upset,disquieted,disturbed,distressed,worried	0.22506075473009168	0.21277339628541284	0.16080574760775393	0.3651541222701514	0.036205979106590035
02927512-a	american	0.1303868241773902	0.10377126274469159	0.42247322434913925	0.31405289058581626	0.029315798142962635
02150510-v	watch	0.12431420019132935	0.10235532119445083	0.4328096189009294	0.2888037876824404	0.05171707203084992
03544360-n	house	0.14073858159096014	0.13628648170346078	0.3676904409903607	0.31707929421348113	0.03820520150173731
02210855-v	acquire,get	0.16469933161034803	0.09696153895517119	0.39947076609309345	0.2983777522171513	0.040490611124236055
01779165-v	scare,frighten	0.04254047688491912	0.664919959970848	0.11122015083300257	0.15719665819446305	0.02412275411676729
14854581-n	poop,turd,shite,shit,crap	0.2752470342132064	0.08395034543502793	0.28298147587459743	0.3302964410558476	0.027524703421320636
00074038-v	shit,make,crap,defecate	0.20357632871172734	0.10841366984402082	0.2737759965337955	0.39618085644136336	0.018053148469093012
02854739-n	bloomers,pants	0.15415781770566012	0.10403294987331854	0.5277638229687893	0.17958660314155495	0.034458806310676965
00100267-r	late,belatedly	0.15057782388122598	0.15114349157981746	0.27610418658929936	0.4045399290078934	0.01763456894176378
15167027-n	night,dark	0.11341451099203402	0.13614857000434577	0.38632984128389414	0.3288390539189001	0.03526802380082584
05833840-n	idea,thought	0.1319870503528306	0.1450826108663775	0.4111872085228958	0.2690586133092911	0.04268451694860501
01771535-v	experience,feel	0.1324797402359227	0.11412552527785613	0.4200440934300926	0.2970407524633694	0.0363098885927591
07520612-n	panic,terror	0.10872963474701826	0.4525595387997631	0.20741759176700408	0.19026211365291554	0.04103112103329908
14543231-n	menace,threat	0.20628508708795162	0.2909124442205268	0.2266490931337268	0.24016661868432418	0.03598675687347056
05093890-n	grade,degree,level	0.1195359841982559	0.11020343205359143	0.46332980172738525	0.2571973851142488	0.04973339690651853
00037226-r	really,genuinely,truly	0.1362527474508312	0.09918158093660438	0.4329332160499758	0.28978639165508946	0.041846063907499176
00158503-v	raise	0.1002380735672308	0.1770257222962856	0.4539923723656195	0.2271255739910874	0.041618257779776596
14410605-n	job,problem	0.15451249087090407	0.11142414389846104	0.36610540134377334	0.34234843112650154	0.025609532760360095
00050681-r	no	0.09170406373841841	0.03637066596705377	0.20514215489982185	0.6051573438643487	0.06162577153035723
01386883-a	great	0.06798020711819568	0.07644812490382458	0.579461836036567	0.23957506122969513	0.0365347707117177
09614684-n	protector,guardian,defender	0.1349709812390336	0.11913675401893856	0.4617428305545887	0.25573449076869526	0.02841494341874392
00193799-a	horrific,fearsome,frightening,awful,dire,horrendous,terrible,dreadful,fearful,dreaded	0.0481920793388666	0.07720870775873775	0.0773840800394621	0.786938540616667	0.010276592246266468
01051331-n	emplacement,positioning	0.0	0.5450409463148316	0.45495905368516837	0.0	0.0
02560585-v	make,do	0.12866575654791745	0.10069124383795842	0.39866092976700496	0.33465475903473	0.03732731081238917
00594621-v	know,cognize	0.13412447839439345	0.12648857199554336	0.38926995390052127	0.30925600708020373	0.04086098862933828
00912473-v	shout	0.2555542703118569	0.14363764018496747	0.3034451405682989	0.2623923645764121	0.034970584358464625
00972621-n	onslaught,attack	0.15285924250432115	0.30736564326026455	0.21106786858707827	0.28497192931880083	0.043735316329535125
07519253-n	fear,fright,fearfulness	0.09041336618489683	0.3738199785357762	0.26263138490867627	0.23956612221368728	0.0335691481569634
00345761-v	commence,begin,get,start	0.14886736202131412	0.1748159834899287	0.3439023348324374	0.28936707625168506	0.04304724340463478
03740161-n	medicine,medication	0.09375006233381804	0.15541965120987447	0.32513319490239023	0.39378217671687277	0.031914914837044436
14877585-n	gas	0.15200360470884025	0.13669116505552842	0.3947004721714206	0.29335590062817357	0.02324885743603725
01244410-a	hostile	0.960954961107044	0.014443399081836984	0.008200546603706348	0.016401093207412697	0.0
00575741-n	work	0.12997780903908332	0.08920285889494917	0.4526487203878151	0.29109741073622303	0.037073200941929306
13934596-n	environment	0.16342900980285655	0.11067412543849446	0.5256559511712572	0.1733231943257448	0.02691771926164696
00759694-n	terrorism	0.08846215780998391	0.7966022544283413	0.0699838969404187	0.028848631239935592	0.016103059581320456
06272803-n	call	0.14472806176336706	0.12457704143336734	0.36370385755889745	0.3266433330534478	0.040347706190920214
02764251-a	military	0.16034430225472276	0.10496648385131019	0.46888753470106304	0.2422726657187352	0.023529013474168872
05839024-n	kind,form,sort	0.1526552425398573	0.13232449582958386	0.3430231746512726	0.3113708832514243	0.06062620372786196
00103834-n	drive	0.11187141495237661	0.11089087853837011	0.43895388016682724	0.29253370362081316	0.045750122721612975
08559508-n	home,place	0.11156741132648672	0.11476696550341504	0.39434543118674414	0.34707855841880036	0.03224163356455377
02512053-n	fish	0.1382996283755147	0.07581942529812491	0.46620358597552536	0.23268243282430143	0.08699492752653344
02504562-v	pressure,coerce,force,squeeze	0.17668047514414895	0.254966378073037	0.2548119645073616	0.2985612915363617	0.01497989073909077
01117477-a	bastard,phoney,bogus,phony,fake	0.035121098875919604	0.021397801320388567	0.042895408441181	0.8946114004932655	0.0059742908692452645
00417859-n	hug	0.07240118237810914	0.10102121884956383	0.49891971659886014	0.29346929050972165	0.03418859166374514
00007846-n	person,somebody,mortal,individual,soul,someone	0.1796821383444106	0.10415537825787949	0.4045613481719393	0.285402817339802	0.026198317885968672
02061069-v	funk,wince,flinch,recoil,cringe	0.12376007871141005	0.2182447108036361	0.25989616529396115	0.33621900583528774	0.061880039355705026
00603804-a	litigious,contentious	0.06487311581759207	0.11181072314443809	0.763213127265789	0.029574508681549323	0.03052852509063156
15120823-n	past,yesteryear	0.09852263175146339	0.13998166369723894	0.3655396700990064	0.3703157017932294	0.025640332659061887
01126291-a	terrible,atrocious,awful	0.032752237091316375	0.04774948094046421	0.059901055649736246	0.8516045220589312	0.007992704259551882
00193480-a	atrocious,ugly,horrible,horrifying,frightful	0.0531600367168401	0.050273502992609805	0.08102057829023163	0.8096917939735676	0.005854088026750841
01032840-v	network	0.06620762711864407	0.2717161016949152	0.6620762711864406	0.0	0.0
15137890-n	holiday,vacation	0.1195825642416013	0.07753571574170719	0.47542911424165085	0.28502757792533	0.04242502784971068
01449564-a	lost	0.03353889883410403	0.09139349932293347	0.07546252237673406	0.7828356300491764	0.016769449417052017
02207206-v	buy,purchase	0.11842948693745461	0.0938973132713096	0.5095875999726425	0.24420347999403652	0.0338821198245569
02075321-a	mad,sick,disturbed,crazy,demented	0.12564655810743253	0.11334142306957024	0.41050774164422094	0.3092179014135199	0.04128637576525644
02101757-a	lurid,shocking	0.06323036147039962	0.5650606991038439	0.10215837954108187	0.20144497352395335	0.06810558636072125
06785654-n	crossword	0.36641221374045807	0.02290076335877863	0.4885496183206107	0.12213740458015268	0.0
04028315-n	puzzle	0.13013896624903934	0.11023527669865266	0.5722222613919187	0.16921308863240572	0.018190407027983618
12109827-n	oat	0.0	0.2289156626506024	0.7710843373493976	0.0	0.0
07573696-n	meal,repast	0.10718248225484114	0.08285783198952519	0.5648869822892977	0.2097546688718903	0.03531803459444559
02250430-a	solitary	0.0	0.10574018126888218	0.5075528700906344	0.38670694864048333	0.0
00694068-v	esteem,respect,value	0.02208403596799333	0.007598633688299704	0.9330505196477181	0.03347111701398989	0.003795693681998853
00910101-a	flat,level	0.1926703292982035	0.09619648561527536	0.27252042693791856	0.38378616338002736	0.054826594768575335
02164165-a	portentous	0.0	1.0	0.0	0.0	0.0
02557719-a	nourishing,nutritious,nutrient	0.060263653483992465	0.005649717514124294	0.8135593220338982	0.0903954802259887	0.030131826741996232
13128582-n	rootstock	0.0	1.0	0.0	0.0	0.0
07525555-n	qualm,misgiving,scruple	0.15242972989451858	0.1311505396012438	0.5639900006097189	0.15242972989451858	0.0
02468635-a	typical	0.21959791566576745	0.07715362725895268	0.389120070956059	0.25869396503935843	0.05543442107986253
04491135-n	trump	0.02648462762408253	0.6224400759636606	0.04311451008571574	0.1539803931632705	0.1539803931632705
10677713-n	admirer,supporter,protagonist,booster	0.06855442707351435	0.0831702309255876	0.5491209608588499	0.2580217248979397	0.041132656244108605
09917593-n	youngster,minor,shaver,fry,child,kid	0.13842180119001243	0.09678654529057457	0.4421362478133035	0.2888089650695044	0.03384644063660504
00597915-v	acquire,learn	0.09697873312217106	0.1085081543566051	0.5135055784363478	0.23197175786010343	0.049035776224772586
08276720-n	school	0.13362559326946258	0.11683037655919637	0.40324676921198704	0.3085685508655705	0.03772871009378341
02339171-v	yield,give,afford	0.12406792304535978	0.10027969705063253	0.4889138315578175	0.2558021120922453	0.030936436253944842
01774136-v	hate,detest	0.3835958460244085	0.04483310978681819	0.10582891506797663	0.45716097926436894	0.008581149856427708
14660443-n	uranium,u	0.11550277761026492	0.06201420866185079	0.43562422786528715	0.3366122836708826	0.050246502191714615
05820170-n	regard,respect	0.14268446287061598	0.06321381871347034	0.5381946851630041	0.23103170163330158	0.024875331619607855
08918800-n	ur	0.08808395238349728	0.041410242179823975	0.47066449057001947	0.32447272821950623	0.07536858664715307
04914292-n	rudeness	0.45882083046570316	0.1397109428768066	0.22941041523285158	0.1720578114246387	0.0
05564590-n	hand,manus,mitt	0.12085540989531189	0.11971761785487701	0.5071210514444898	0.21482357875743416	0.03748234204788717
10272913-n	loser	0.12113897314551604	0.11346853213486	0.26211537196307483	0.494066241211662	0.009210881544887167
09394007-n	planet	0.11808304782674242	0.10351343481466337	0.47255522719716175	0.27131903012430125	0.034529260037131346
10261041-n	lifer	0.0	0.30458970792767737	0.4636068613815485	0.23180343069077425	0.0
00037641-r	so,indeed	0.10616096637891688	0.07356254797827558	0.5412328733085818	0.21627135401068961	0.06277225832353607
05024254-n	mass	0.15150897107926828	0.09438426171426573	0.4071512234349415	0.3117588443361867	0.03519669943533771
10665698-n	student,pupil	0.13901813385802037	0.09939617462270155	0.5116175706901362	0.2167182996297088	0.03324982119943302
00919542-a	excited	0.021569176209251896	0.10758252406760578	0.753809955319851	0.0754977087410285	0.04154063566226292
00654625-v	classify,sort,class	0.11031349641073386	0.12902633061848778	0.4410019845089303	0.27590799158596213	0.04375019687588594
02004009-v	haunt	0.10698169144771087	0.19269921017493835	0.28062552334397	0.41064113879647857	0.009052436236902257
02203362-v	have,hold	0.11820963726020697	0.10839482817907115	0.37763480868334776	0.3524458951639411	0.04331483071343318
05984584-n	experience	0.07120534831282883	0.11637746280916735	0.54388460079629	0.23269721670859092	0.03583537137312301
05769062-n	nightmare	0.11487599533608026	0.4129332486856791	0.17190112822044906	0.2871775401557683	0.013112087602023247
08059870-n	firm	0.14556516350730922	0.12760048446610142	0.5038334788609413	0.1761315945131397	0.04686927865250823
00913065-v	shout,call,yell,holler,scream,cry	0.16849062583400054	0.12579396850813987	0.22418484787830256	0.4528409394182013	0.028689618361355754
08302724-n	who	0.13732805383259708	0.12548732385769762	0.3938644877282125	0.28991478031326057	0.0534053542682322
00962447-v	speak,talk	0.1624029190734303	0.14555010570941176	0.33938613069659834	0.31777053145951106	0.03489031306104859
00782216-a	faint	0.15756153908145812	0.31733481379335043	0.22385988162289455	0.2206542081180547	0.08058955738424205
00020759-r	never	0.1274957714144057	0.10889699376025747	0.40150303802856907	0.32261312732909453	0.039491069467673175
00181781-n	election	0.05005523639244008	0.4241276777356065	0.3250955879382687	0.18287724524080082	0.0178442526928839
01815628-v	delight,please	0.12527035519849772	0.06767928399978798	0.5478655530904767	0.2394978306465658	0.01968697706467172
01494310-v	lay,pose,set,place,put	0.14297355229783376	0.10916177361321835	0.41428118158514854	0.2941540976665007	0.039429394837298674
02032953-a	left	0.14671208739005348	0.12228087651816465	0.2520680486782182	0.38441346915923186	0.09452551825433184
13869327-n	bend,turn,twist	0.13108027424992488	0.14254294051591881	0.4033087130498046	0.2746314865484682	0.0484365856358834
06791372-n	signaling,signal	0.1485549888845299	0.1172137221568371	0.37487467852316814	0.3227409441611089	0.03661566627435596
00008997-r	absolutely,utterly,perfectly	0.09660087628344334	0.09182046972906882	0.3984242824413171	0.36568874186468203	0.04746562968148872
00752847-a	ridiculous,pathetic	0.21689944298319538	0.08465989047818775	0.2740299244636606	0.38913170448710166	0.035279037587854604
07891726-n	wine,vino	0.08210160351222016	0.060510733704374965	0.5625231489483588	0.26762900445941334	0.02723550937563273
00797299-a	inebriated,intoxicated,drunk	0.2495832737179197	0.08725602755453504	0.3105771121014056	0.3357400512052782	0.016843535420861557
00229630-a	worst	0.1900441600786953	0.16100514529577503	0.2230179375144427	0.39095237792377674	0.0349803791873104
05840650-n	edition,version	0.09376253215567751	0.07243735416510438	0.5558511649946257	0.2029597895086906	0.07498915917590175
00017445-r	even	0.1468540466203654	0.10905672697414631	0.38774144528701476	0.31747852395144144	0.03886925716703203
00607780-v	think,recall,remember,recollect	0.13689543970925555	0.15537659139424587	0.3232994918231383	0.2912382687038947	0.09319020836946557
00022131-r	as,equally	0.1570860331464336	0.10821335660154795	0.49672790731494504	0.20689455513004887	0.031078147807024625
00392690-r	longer	0.11697317498235374	0.11260600035872581	0.43496131204417493	0.3002115768498697	0.03524793576487575
01152746-a	soft	0.069745991514684	0.03959667199294727	0.7407868202104799	0.1146068653920326	0.03526365088985618
05768553-n	dream	0.09943791979142519	0.15284667884958708	0.43652648279890055	0.252707889896104	0.05848102866398321
02530167-v	try,attempt,essay,seek	0.15545241438178212	0.11803946356839981	0.3668883150709424	0.32966898334816536	0.029950823630710287
05332802-n	kidney	0.050384480072372714	0.051678645021862604	0.37694124742423485	0.49297632808966174	0.02801929939186812
00759944-v	pray	0.10770747938602768	0.12757446701063033	0.4227302185824546	0.30551534229434424	0.03647249272654328
07319103-n	success	0.09077025601155107	0.07244117709013545	0.5840343697757386	0.22450847658860637	0.02824572053396859
00720063-v	await,expect,look	0.09866078193665709	0.16390741021366878	0.5134490074253675	0.1860035611456281	0.037979239278678585
04716864-n	fitness	0.05778472621275694	0.13102044616229158	0.5585182712094022	0.22699445587654615	0.025682100539003085
00626188-n	weightlifting	0.0	1.0	0.0	0.0	0.0
00818553-v	concede	0.16798361135498974	0.03928884986830553	0.30670178519168856	0.48075797483172383	0.0052677787532923615
00027795-r	yet	0.11415303436276751	0.1268977859808184	0.40039443254755114	0.3116831331640101	0.04687161394485285
00197576-a	back	0.10109918741552543	0.13189597615984627	0.3666075005292384	0.3435978439642398	0.056799491931150164
10538518-n	roomie,roommate,roomy	0.34129692832764513	0.09351535836177477	0.24027303754266216	0.3112627986348123	0.013651877133105804
07135734-n	talking,talk	0.17437515684150456	0.12788889772013848	0.37125645561865434	0.28682817136871175	0.03965131845099089
07127006-n	laughter,laugh	0.1215964774949148	0.0870315515052571	0.47288586391870807	0.25296625136273904	0.06551985571838087
02529284-v	neglect,fail	0.12694932826925118	0.10334193337783704	0.2508852143710394	0.4853660081877347	0.03345751579413767
06611376-n	bull,dogshit,shit,horseshit,crap,bullshit	0.227111877862391	0.07605126294697324	0.27780430970630055	0.39277237656367103	0.026260172920664154
02680814-v	cease,stop,discontinue,quit	0.1713810726034345	0.1282036174353486	0.32113722752347235	0.3451235174440087	0.03415456499373593
00749230-a	easy	0.11318718939358112	0.08474916057876371	0.5285649957746218	0.2328897885665996	0.04060886568643375
04928903-n	manner,mode,style,way,fashion	0.13882181727080586	0.10051046033391729	0.4609608516983304	0.2613090732900964	0.03839779740685018
02450256-v	participate	0.10746757403014466	0.10549048674909008	0.5721067911604759	0.18648784905230983	0.02844729900797947
02798370-a	social,societal	0.14827201648363988	0.14414260728298595	0.3626079022152016	0.3030884362579369	0.04188903776023565
00109151-r	there	0.17926498832750248	0.16460484877487278	0.20960054838104722	0.3786286593764753	0.06790095514010232
01551633-a	many	0.10865342931055282	0.11063706422926804	0.4461905008322125	0.2848591606531776	0.04965984497478905
00605406-a	awkward	0.017763679955755177	0.05831763103564109	0.07523899440603157	0.8343626988173366	0.014316995785235516
13943968-n	thing	0.15729767922344506	0.12508195438216718	0.38584294672308445	0.28995294223603185	0.041824477435271463
00632438-a	wrong,incorrect	0.19138872551909766	0.13738054040832	0.24857242955703046	0.3963946141405853	0.026263690374966564
00769553-v	convince	0.04616505629641459	0.03807244669807554	0.7966591471692086	0.11286482871516408	0.006238521121137108
00687926-v	distrust,mistrust	0.08274264280001103	0.25531621479990074	0.2758088093333701	0.35855145213338113	0.027580880933337014
00864159-v	excoriate,condemn,decry	0.3606782265144864	0.07223685494098134	0.2317456833479661	0.3193042142230026	0.016035020973563553
00193015-a	alarming	0.10323538509124652	0.2477451283637488	0.5938756572842562	0.030399010207237863	0.024744819053510676
06370522-n	saga	0.08435970980259827	0.02986333727011978	0.5483381137168888	0.3374388392103931	0.0
03183080-n	device	0.08807856608094419	0.11771700356718193	0.50279649447307	0.22900427181045493	0.06240366406834896
07309599-n	time,clip	0.13564445896812113	0.11276146296987169	0.4062186288806898	0.3044623233520416	0.04091312582927583
00319886-v	bake	0.055536691864586485	0.0855537883255595	0.571867684114588	0.24832162791667411	0.03872020777859189
01158872-v	apply,use,utilise,employ,utilize	0.12187289404938213	0.10283811769354183	0.4742954599623705	0.2630135148301064	0.03798001346459912
00965404-n	violence,force	0.2365338712743711	0.16911081303732495	0.30999556409877277	0.25494550178492215	0.029414249804609115
01222477-n	bullying,intimidation	0.1187326141529276	0.33848972114797476	0.2713888323495488	0.2713888323495488	0.0
01148283-a	happy	0.07339499162686547	0.04088220340932978	0.6934149938521369	0.1648840227103739	0.02742378840129392
01817500-a	positive	0.031932535052272525	0.03808792167378187	0.8283298408792045	0.09573086516460184	0.005918837230139291
07521674-n	dread,apprehension	0.07106797397896894	0.27458888446124124	0.3218465490153278	0.2766574701324149	0.05583912241204703
02609764-v	finish,end,stop	0.1555415439983231	0.11199709255986313	0.3204504475346498	0.3775175809081728	0.034493334998991244
00027384-r	yet,however,still,notwithstanding,nevertheless,nonetheless	0.1306619920183431	0.10143184318969141	0.45569066138182013	0.27606789648121294	0.03614760692893249
09190918-n	agent	0.13818852863549558	0.08966160976761152	0.5027573332188916	0.21639164860631294	0.053000879771688526
01117677-a	inauthentic	0.0	0.37343358395989973	0.0	0.6265664160401002	0.0
10602985-n	sis,sister	0.16878517985022293	0.09050158292175396	0.36695837120538893	0.33998136547107066	0.03377350055156348
01775164-v	love	0.06653189091447648	0.054719909369942005	0.6758371605906597	0.17548173193028266	0.027429307194639256
00094448-a	alive	0.07850971930134688	0.05196508049441297	0.6623391043092761	0.18188252980145023	0.025303566093513613
00146594-r	so	0.09442974592334481	0.05954124304053183	0.3090429107498809	0.4903857691908901	0.046600331095352436
00631737-v	opine,reckon,suppose,guess,think	0.13071645332620993	0.14241922756769954	0.35643137849460804	0.31909325559649365	0.051339685014988784
05670710-n	concern	0.14826032564220745	0.14506535732538198	0.42798152624796587	0.23166185383411872	0.04703093695032592
02343517-a	superlative,greatest,sterling	0.0991362105444404	0.09402808685375581	0.5355155474275458	0.23218744048566306	0.0391327146885949
02031986-a	right	0.09996519032700618	0.16288879333292383	0.40952556463337225	0.2627789039730805	0.06484154773361728
02133435-v	seem,appear,look	0.16961877146201557	0.12042625323599836	0.35938432246815005	0.30967443306279663	0.04089621977103946
07302836-n	fire	0.1455096974702039	0.14160407738429737	0.4566386989899386	0.21324539070860674	0.04300213544695344
07519773-n	dismay,alarm,consternation	0.166076715934153	0.17787166896148368	0.2203024284443578	0.3712303062057537	0.06451888045425193
00674340-v	disapprove	0.20083009773731422	0.33056634087561915	0.06694336591243807	0.3347168295621904	0.06694336591243807
01160342-n	punishment,penalty	0.21809822111501861	0.06611743290189427	0.38885066852403405	0.3259081372343744	0.0010255402246787712
02748618-n	aspirin,bayer	0.21955824880340755	0.1964168093795284	0.2994774513678479	0.17828129802836695	0.10626619242084925
05563266-n	foot,pes	0.13040509698117145	0.12803043348129534	0.4147613892597361	0.28643809492728073	0.04036498535051621
02560548-a	wide,broad	0.13752515014732145	0.13320723721392885	0.4240748136816801	0.23172045846740466	0.07347234048966488
00292937-a	busy	0.14038085672000938	0.08648267094014983	0.3839718677737914	0.353574214366852	0.03559039019919744
01589723-v	code	0.1636622945453695	0.15830819948095673	0.39746557246732594	0.23380327792195646	0.04676065558439129
08434259-n	network,web	0.1224958152881473	0.108706193373542	0.5393329702154794	0.18296822275951852	0.0464967983633127
10014939-n	director,manager	0.1713424106734899	0.09740244905418989	0.49763057923525794	0.20588340883278283	0.027741152204279317
00636888-v	base,establish	0.07619445507077134	0.11005295266474721	0.530868584774599	0.23456218414641514	0.0483218233434675
00455599-n	game	0.12304466747453797	0.0890523858167359	0.47395216342559715	0.2754348755728376	0.03851590771029138
10702781-n	terrorist	0.11783775439318704	0.45352098180976147	0.16054750816888366	0.2140633442251782	0.05403041140298968
00392812-a	black	0.12219568039509111	0.10095209768218591	0.47869166349094217	0.24669213442764154	0.051468424004139306
09738708-n	american	0.18365675287514643	0.06768485970460647	0.3905277193137114	0.3397649928190209	0.018365675287514645
00079485-a	fearful	0.010164357663417464	0.9372788763537167	0.01893619832694673	0.028147451991002204	0.005473115664917095
04509592-n	uniform	0.07041120141627104	0.09471312464794401	0.5230546390922991	0.2917035487245514	0.02011748611893458
01968165-a	daily	0.1292333344418313	0.08805134562631811	0.44629907326991186	0.2884672643790878	0.04794898228285105
13790912-n	basis	0.11843910831268159	0.07529426910371909	0.4798422372351725	0.2854622431454244	0.04096214220300253
01437963-a	long	0.11560599837097	0.09153315945625495	0.4425187174093714	0.31030743217098644	0.04003469259241717
06542047-n	ban	0.18449809402795425	0.24650571791613718	0.10978398983481577	0.43354510800508256	0.025667090216010165
00102586-v	harm	0.21826697347930177	0.14835088208632594	0.32540734025986107	0.2963531134509449	0.011621690723566466
07942152-n	people	0.17052101711160178	0.11589748774690309	0.4113960317047556	0.26237764330052704	0.03980782013621245
01019283-a	handicapped,disabled	0.15198228320812887	0.11644737794375205	0.26054105692822094	0.4276057724318613	0.04342350948803682
10749528-n	veteran	0.25358476647148326	0.13470730170439701	0.3965450996664977	0.16905651098098887	0.046106321176633325
00098714-r	rather,instead	0.16068802458110498	0.11042961698583291	0.3871590513046492	0.3105374477160268	0.031185859412386066
02009433-v	leave	0.14129294018486807	0.124959127365835	0.3326524472929923	0.35900911224758797	0.042086372908716606
00348801-n	shudder,tremor	0.19751821201950587	0.34300940278240377	0.28182726550690473	0.17764511969118565	0.0
05122557-n	bulk,majority	0.12483787455902738	0.09915994606384272	0.39920980445572973	0.3510921729178124	0.025700202003587753
09985075-n	client	0.101210580853735	0.10556007816233737	0.5897120358015074	0.17428681251708153	0.029230492665338618
10640620-n	spouse,partner	0.14499212495542985	0.1016955155930605	0.484010235590164	0.24405160613915014	0.0252505177221955
00582388-n	business,occupation,job,line	0.1261599977768361	0.10880487513464976	0.4302399902281272	0.306773223623754	0.028021913236633025
