01625893-a	foul,yucky,skanky,distasteful,repellent,revolting,disgusting	0.2126685929189579	0.17452256319959958	0.21120958745590923	0.21099503002191727	0.19060422640361602
01792158-n	cock,rooster	0.16626152478328637	0.20267451439905249	0.21002571747827817	0.2105191216696915	0.2105191216696915
00689344-v	think,conceive,consider,believe	0.19966139359102042	0.1981870290867875	0.20081361685400648	0.20061685264866644	0.2007211078195192
02604760-v	be	0.199421822475383	0.19379135838048392	0.20232981527179675	0.20170088598539193	0.20275611788694436
02131072-a	sexy	0.20138448356617586	0.19459494954880197	0.2012515997526703	0.20138448356617586	0.20138448356617586
01101913-v	trounce,beat,vanquish,crush	0.20075505351329168	0.1945327977334504	0.20688315431947657	0.2071355518364482	0.19069344259733298
00019339-r	ever,always	0.198990691152445	0.19866678422883619	0.20052447066430235	0.20050756181103585	0.2013104921433807
09081213-n	idaho,id	0.19968065423446382	0.19871175230655955	0.20062550519078928	0.2002682576681638	0.20071383060002365
00514884-a	whole	0.2001741758216594	0.19745933826328455	0.20113555330485802	0.20058397525692712	0.20064695735327073
01640850-a	new	0.20128755805956694	0.19655559453589042	0.20397030812479083	0.20221600642503018	0.1959705328547216
09466280-n	creation,world,universe,cosmos	0.20076941112459296	0.19750033734139005	0.20245760320980458	0.20216990767525334	0.19710274064895905
01772960-v	excite	0.19741082407872282	0.19563349500682714	0.20224231085031752	0.20211801929243312	0.20259535077169938
00077645-a	afraid	0.19941567627681486	0.1983597398327999	0.20058557731794147	0.20015207783477842	0.20148692873766544
01767163-v	worry	0.20250275863643646	0.1851890245803909	0.20411925806263803	0.20367132263226564	0.204517636088269
10280130-n	maestro,master	0.20785697568460304	0.19790062654931057	0.20650253104109975	0.20352662202450714	0.18421324470047945
14374432-n	anxiousness,anxiety	0.20240813937839122	0.187428516108583	0.2038335290288791	0.20090167059428157	0.2054281448898649
00811248-a	anxious	0.20000197215591686	0.19982898567120494	0.1999308196906154	0.20003087330383182	0.20020734917843092
00103554-r	first	0.2010649861631068	0.19910981030203717	0.20301677045265715	0.20181879061459215	0.19498964246760664
00087736-v	get,take	0.28765547093309957	0.20098898690482714	0.28765547093309957	0.22370007122897376	0.0
04105893-n	room	0.19950936961097765	0.19844677022162946	0.20071357802129938	0.20020159133585855	0.2011286908102349
00087653-v	wan	0.193516243415585	0.16402051024833714	0.21236297252346384	0.209161805870659	0.2209384679419551
01553629-a	much	0.20010458368482806	0.19750083021785902	0.20069489371131402	0.20082290808957065	0.20087678429642827
05687338-n	trouble	0.20009956638698959	0.20058761867116076	0.20265481758349035	0.2021261129643029	0.19453188439405644
00024073-r	not	0.19949394742427654	0.1910111254037437	0.20332685862410016	0.20266141823080855	0.2035066503170711
15281870-n	rpm,rev	0.26624068157614483	0.20127795527156547	0.26624068157614483	0.26624068157614483	0.0
02129289-v	see	0.19963028743869027	0.19757655300687313	0.20140133717677225	0.20041246416239605	0.2009793582152683
01265308-a	amusing,comical,comic,funny,laughable	0.1996953289803493	0.1916416345054274	0.20307890680645155	0.20005842030067034	0.20552570940710133
08649345-n	side	0.20108626132711727	0.1943076594840418	0.20122917556050263	0.2009365764552658	0.20244032717307256
00795720-n	undertaking,project,labor,task	0.2004015495676712	0.19840819427365397	0.20126668273019696	0.20052291451452214	0.19940065891395567
02406908-a	nervous	0.20030281214295292	0.198395747787773	0.20019071214730566	0.20043905107822765	0.20067167684374082
00120316-v	make,get	0.19997898036803974	0.19837225202997688	0.20116689792519932	0.20107522882946638	0.1994066408473177
09879297-n	roughneck,hooligan,bully,rowdy,ruffian	0.25537405824624176	0.16144387836377205	0.29357925213924446	0.28960281125074167	0.0
01543123-v	sit	0.19969068296799664	0.19918081627621106	0.20040091347001032	0.20029912196592953	0.20042846531985248
02423183-v	let,allow	0.2000989464011599	0.19616521134839798	0.201928006735673	0.20102469094013845	0.2007831445746306
02130524-v	look	0.19926798470991552	0.1952938423654452	0.202222860014755	0.2011593104206281	0.20205600248925623
15155220-n	day	0.2003619396970296	0.19649943922389154	0.20117146524657825	0.20102378688828837	0.20094336894421247
15203791-n	year,twelvemonth,yr	0.19904627690615626	0.19674400262442024	0.20234348006308928	0.20165366556221073	0.20021257484412364
15262921-n	today	0.19987389988942963	0.19538019898083978	0.20169421667180773	0.20152543136121878	0.201526253096704
00651991-v	mark	0.2008747180905945	0.19650112763762204	0.2008747180905945	0.2008747180905945	0.2008747180905945
15249799-n	anniversary	0.18833584107644608	0.18297394735927572	0.20857352106439858	0.21005834524993985	0.21005834524993985
01127661-a	horrid	0.2159234050183712	0.12326114017107288	0.22175917272157042	0.21729710936741517	0.22175917272157042
05919263-n	bosom,heart	0.20374549799775682	0.19746889829303882	0.20349913532633324	0.20357122058060065	0.1917152478022706
02287789-v	lose	0.198297129064523	0.19933106904346645	0.20196160320835238	0.20055256029834012	0.19985763838531806
08078020-n	house,home,family,household,menage	0.20106094177500805	0.19748445148406432	0.20220483396573877	0.20118259710250436	0.1980671756726846
10112591-n	friend	0.20076421488260132	0.19832322356819623	0.2007833233524291	0.20065919364983698	0.19947004454693645
10153414-n	guy,cat	0.20019440108486924	0.19368019396839709	0.20310408773513058	0.20146402068136568	0.2015572965302374
00031304-r	still	0.19992285366485787	0.198704563481291	0.20049404224660214	0.20040025475839454	0.20047828584885452
01835496-v	go,move,locomote,travel	0.19965181383390004	0.19791371213384043	0.20127924812150758	0.2009309561727706	0.20022426973798133
01382086-a	large,big	0.19964268739564187	0.1972878676469689	0.20322059364252762	0.20254728131952024	0.19730156999534135
07997703-n	family,class,category	0.19902144389680695	0.19830009241819724	0.20151761122119782	0.20096063264380915	0.20020021981998887
01564144-v	ruin,destroy	0.19921661571178323	0.18702578427039832	0.205141739234923	0.20241982156171653	0.2061960392211789
07575076-n	lunch,luncheon	0.2014995620122494	0.19256841600806673	0.20216610586217565	0.2014935700137342	0.20227234610377406
00063172-r	alternatively,instead	0.20078377372308354	0.1954519843600973	0.20086056747919268	0.20133266465360403	0.20157100978402237
02599636-v	take	0.19978211552823136	0.19939598850252943	0.20190286973090077	0.20160967386013523	0.1973093523782032
13384557-n	money	0.20256495214125977	0.19443451020263694	0.20343575116274207	0.2021357433284733	0.197429043164888
00232936-r	forth,off,away	0.1998960179028852	0.19837341810056178	0.2013989237861394	0.2004026512309061	0.19992898897950737
01236173-n	feud	0.05707264872577385	0.22222662597598192	0.3196068328643336	0.38206967619198606	0.01902421624192462
01462882-a	pet,favorite,favourite,favored	0.19778548597917547	0.1824914468045335	0.2069174832967635	0.20534974414599655	0.20745583977353116
07520411-n	horror	0.20163088663445006	0.14764501671288977	0.21761852865478656	0.21387205740906376	0.2192335105888099
06613686-n	picture,flick,film,movie,pic	0.20257221845397536	0.1851343672753071	0.20621632284538516	0.20471307862117982	0.20136401280415236
00336831-a	certain,sure	0.1996454881516752	0.1978561800965937	0.20070598787434174	0.20066901348027189	0.2011233303971173
00035189-n	achievement,accomplishment	0.20158431259881235	0.19641912767107558	0.2003555247454926	0.20005672238580707	0.20158431259881235
07546465-n	hate,hatred	0.19815974436475928	0.19945735564745584	0.20082614677947153	0.20037596783002484	0.20118078537828854
00339941-a	unsure,shy,diffident	0.19737758453731713	0.1992944231901635	0.2012014634668584	0.2002108056378006	0.20191572316786038
07325190-n	start	0.21072847088959182	0.17376145141907548	0.21233562624946065	0.20939022039162103	0.19378423105025122
00497560-r	yeah,yea	0.19157292485963504	0.16061236943553758	0.21567304742346746	0.21468651417692233	0.21745514410443761
00805376-v	agree,hold,concur	0.20187719225879006	0.19268657095168618	0.20420955442618433	0.20248375005235703	0.19874293231098233
10532058-n	rioter	0.0	1.0	0.0	0.0	0.0
01619929-v	destruct,destroy	0.19885468634720208	0.18738809585228197	0.2053090908921232	0.20313903601626948	0.2053090908921232
13244109-n	belongings,property	0.1963044622090423	0.19760182207228288	0.2022009013982028	0.20169191292226937	0.2022009013982028
00069879-v	injure,wound	0.20650077471547185	0.2002999232045397	0.2190613057089635	0.2156212726419258	0.15851672372909925
09923673-n	citizen	0.19781000351134573	0.18684570360242467	0.20594731728015947	0.20344965832591075	0.20594731728015947
02697120-v	endanger,threaten,jeopardize,imperil,menace,jeopardise	0.2331810877346509	0.23952865888500113	0.23506974327967178	0.22017235192112874	0.07204815817954748
13963192-n	life	0.19981296493295642	0.19827724533687674	0.20085277633604276	0.20077317782856274	0.20028383556556123
02627934-v	necessitate,demand,require,take,involve,need,ask	0.1995356218399512	0.19709175731294773	0.20115336814307577	0.20110608050347475	0.2011131722005506
04637923-n	tolerance	0.20015294289348495	0.14758059975697493	0.21809940850784476	0.21606764033385065	0.21809940850784476
05901508-n	policy	0.21583267268560485	0.17422218371067866	0.22228095074557222	0.2091766136652141	0.17848757919293026
01170502-n	riot	0.24810861130643008	0.20469967133614667	0.29146386056555657	0.24406930236924435	0.011658554422622263
01125429-a	bad	0.2010608473930526	0.19498076027473737	0.2007461950773549	0.20268487352160236	0.20052732373325277
01322675-v	slash	0.2638986629134412	0.2083040112596763	0.2638986629134412	0.2638986629134412	0.0
05145118-n	cost,price	0.21044260253529803	0.18388857591011354	0.20932492521402682	0.20707275439487746	0.18927114194568417
01951480-v	send,direct	0.20106695462164487	0.19167816169668525	0.20286602934045692	0.20358792269412382	0.20080093164708934
10516016-n	refugee	0.2082945761398679	0.1558262731405849	0.28189702691810203	0.2688377156710797	0.0851444081303655
02944826-n	camp	0.19916680951865853	0.19569085689955562	0.20212712977346575	0.20088807403485445	0.20212712977346575
08208560-n	team,squad	0.20262962517410527	0.17054652898203979	0.214906091205015	0.21251124995438686	0.19940650468445306
03430551-n	gear	0.20155340748049108	0.19027014014547325	0.201882615096478	0.20220519533380982	0.20408864194374784
13948912-n	championship	0.20854332487574295	0.16582670049702827	0.20854332487574295	0.20854332487574295	0.20854332487574295
01889610-v	agitate,shake	0.19892175449175706	0.19759446168569558	0.2012642983920681	0.20042771273023652	0.20179177270024268
01332730-v	cover	0.2000145163190397	0.1987903451145214	0.20272592167860118	0.2000773414126507	0.19839187547518713
08209687-n	law,police	0.21502505999404156	0.21747631085927416	0.23097564158456865	0.22079352178331824	0.11572946577879749
00122661-n	shooting,shot	0.1924599391555937	0.19929191762386628	0.22432583185489277	0.21370184250078403	0.17022046886486314
00035718-r	pretty,moderately,somewhat,passably,fairly,jolly,reasonably	0.19952185883487839	0.1982092878754602	0.20079832446098805	0.20058070101745207	0.20088982781122125
00011093-r	good,well	0.19954072750221702	0.19704959020667315	0.20123722876703667	0.20052693497223045	0.20164551855184273
01825237-v	want,desire	0.1999440899300907	0.19834639074633162	0.20059664831573248	0.2004475895519632	0.20066528145588208
02127853-v	miss	0.20249019644436472	0.18921140210787202	0.20786923245902134	0.20811575778726385	0.19231341120147802
14483917-n	opportunity,chance	0.20130445938541264	0.19401053864286533	0.20318437152036892	0.2018257936431865	0.1996748368081666
00099527-r	less	0.1996856987415496	0.19930670549572935	0.20033522294088588	0.2002834524845131	0.2003889203373222
07859284-n	sugar	0.20108182580066686	0.19710899555305172	0.19964552704494784	0.20108182580066686	0.20108182580066686
13134947-n	fruit	0.2047491447865394	0.18960410648311007	0.20328200648893047	0.20222245321257787	0.2001422890288423
13647667-n	n	0.19411302623108767	0.16140426461457785	0.2101484882572105	0.20713886408534288	0.22719535681178102
07927512-n	soda,pop,tonic	0.20057846830258466	0.19768612678966138	0.20057846830258466	0.20057846830258466	0.20057846830258466
14845743-n	water	0.1987256844163473	0.19830254370521735	0.2009587025106014	0.20168182390664835	0.20033124546118553
14024882-n	sleep,slumber	0.20142459477364397	0.19604209763561886	0.20168334298444576	0.20192106882035543	0.19892889578593603
06286395-n	word	0.19841466599691063	0.19785102346058164	0.20154342869455674	0.20099637680400492	0.2011945050439462
01555133-a	more	0.1662017587174605	0.11709891559049311	0.25655788512856287	0.277459171317737	0.1826822692457465
00037396-n	action	0.20258743862958103	0.1941740753631124	0.20567309387083638	0.20518178917292176	0.1923836029635485
09130076-n	ohio,oh	0.2236011597446819	0.11731607514604311	0.219643419217201	0.21583818614739217	0.2236011597446819
01150475-a	bad,sorry,regretful	0.1983540989015708	0.18895136302607168	0.20467492395434755	0.20481970370777544	0.20319991041023455
01201271-n	divorce	0.21242291871360428	0.14414260442522772	0.21549370399554071	0.21244706887008652	0.21549370399554071
01123148-a	good	0.20047148310865737	0.19609725483803175	0.20220472655776886	0.20168312804017346	0.19954340745536853
10780632-n	wife	0.20196704568479862	0.19293401042924366	0.20216819144673384	0.20201118588896771	0.20091956655025597
06766190-n	mention,reference	0.19986332903963935	0.19182282859553365	0.203177277634064	0.2013407308975265	0.20379583383323627
01643620-a	old	0.19933177316199926	0.1947902779452522	0.20232478920027408	0.20177426743575544	0.20177889225671897
10243137-n	lady	0.20237251990653046	0.19108682979556627	0.20179029784560062	0.20216404330708906	0.20258630914521364
00079629-a	scared,frightened	0.19872731698763788	0.2001363114043271	0.2003787905360116	0.2003787905360116	0.2003787905360116
00200397-v	redact,edit	0.20430965682362331	0.1827613727055068	0.20430965682362331	0.20430965682362331	0.20430965682362331
10080869-n	father	0.20148588154598873	0.19739675102464693	0.20235584581755683	0.2019704615542334	0.19679106005757402
09874618-n	bride	0.20942408376963348	0.16230366492146597	0.20942408376963348	0.20942408376963348	0.20942408376963348
07238694-n	speech	0.20268777408526026	0.18312464174401447	0.20427457552885492	0.20380912185842945	0.20610388678344096
15234764-n	minute,min	0.19952916809017515	0.19031823275141008	0.20300875110223154	0.2030085876811179	0.2041352603750654
01009240-v	state,say,tell	0.20030061778731875	0.1975437807235397	0.2020956200531174	0.20158943731459864	0.19847054412142556
01283208-v	wrap	0.197780349717923	0.1941399940455918	0.2032296224879374	0.20118573885344992	0.20366429489509782
05816622-n	datum	0.20135232441168197	0.19540778424943556	0.20053524251551863	0.20135232441168197	0.20135232441168197
02321757-v	steal	0.20436138770428286	0.19061742979769253	0.20681644835740762	0.2045359028573589	0.19366883128325812
07510184-n	awe	0.2159318643015186	0.11226279864654434	0.22824954825610239	0.2143895756872981	0.22916621310853655
06936461-n	yay	0.20664799757345853	0.12380061777764768	0.2230207524481808	0.22326531610035652	0.22326531610035652
00892315-v	thank	0.20213492289701362	0.17521741159981943	0.20760206748940005	0.20542974922865415	0.20961584878511277
09536058-n	god	0.1999330560908201	0.1979743890271945	0.20066427625517136	0.20060239151797354	0.20082588710884047
02457167-a	upset,disturbed,distressed,worried,disquieted	0.20011838371420346	0.19886190905485723	0.2000485269006605	0.20033119769850427	0.20063998263177457
02927512-a	american	0.21073172186210679	0.18273484419699515	0.21031483699579442	0.2141784446454528	0.18204015229965081
02150510-v	watch	0.19809611767242524	0.1964542257915726	0.20034565803193558	0.20134282886956753	0.2037611696344991
03544360-n	house	0.19937869470993977	0.19806481426327574	0.20097418549167118	0.20030952035333688	0.2012727851817764
02210855-v	get,acquire	0.19967587967724648	0.19713684405727652	0.20173686069513502	0.20106570699243134	0.20038470857791044
01779165-v	scare,frighten	0.19777256315875355	0.1980925377316101	0.20108177148887937	0.20084732978508524	0.20220579783567175
14854581-n	shit,turd,crap,poop,shite	0.2061612770218531	0.1796548271190434	0.2018613418153973	0.2061612770218531	0.2061612770218531
00074038-v	make,shit,crap,defecate	0.20288944355954036	0.1692749997900906	0.2102304231188467	0.20619636646509223	0.2114087670664301
02854739-n	pants,bloomers	0.20464581820339897	0.18342020974661521	0.20464581820339897	0.2026423356431877	0.20464581820339897
00100267-r	belatedly,late	0.20706613735049012	0.20570128992049191	0.2106910985120752	0.21025531157870964	0.16628616263823315
15167027-n	night,dark	0.20005574775575943	0.19756382077877555	0.20074895785689953	0.2000887671738277	0.20154270643473782
05833840-n	thought,idea	0.19970155388940047	0.19870159501151158	0.20101488081727437	0.20049547602689086	0.20008649425492284
01771535-v	experience,feel	0.19999446825963696	0.19992609147988968	0.20002868744726215	0.20001030603828096	0.2000404467749301
07520612-n	panic,terror	0.19857858534645018	0.1899692820382324	0.2297085037754726	0.20739977674455343	0.17434385209529152
14543231-n	menace,threat	0.18939378071949528	0.19459528633060888	0.2080903144827897	0.1972903507560358	0.21063026771107024
05093890-n	level,grade,degree	0.20034925275520918	0.1971946109666849	0.20255963056126505	0.20120501207579067	0.19869149364105015
00037226-r	truly,genuinely,really	0.19999533616340098	0.19843447448983823	0.20056738400471028	0.20045814039633722	0.20054466494571324
00158503-v	raise	0.2065048980710227	0.20401452788421431	0.20363727996786576	0.19952451002178492	0.1863187840551123
14410605-n	job,problem	0.20518723459957564	0.19102349115109765	0.20501367600362283	0.20399923000951137	0.19477636823619254
00050681-r	no	0.18689031564591102	0.12971419902275563	0.23630267924578371	0.23929579875204346	0.20779700733350617
01386883-a	great	0.19781403191469946	0.19493058253022266	0.20315685369658032	0.20202816184222738	0.20207037001627018
09614684-n	protector,guardian,defender	0.20276892228317808	0.18892431086728775	0.20276892228317808	0.20276892228317808	0.20276892228317808
00193799-a	terrible,dreadful,horrific,dreaded,fearful,awful,fearsome,frightening,dire,horrendous	0.20712857319818864	0.15047061691201624	0.21408426427187058	0.2132347467963471	0.21508179882157757
01051331-n	positioning,emplacement	0.0	0.4440326167531505	0.5559673832468496	0.0	0.0
02560585-v	make,do	0.19833470635041342	0.19054813060085057	0.2047892914481788	0.2022832576039914	0.20404461399656562
00594621-v	cognize,know	0.19988551736638946	0.19853189031659288	0.20058702775462375	0.20018399239296614	0.20081157216942783
00912473-v	shout	0.20105993386906257	0.19881104127541602	0.19894880456343744	0.20012028642302146	0.20105993386906257
00972621-n	attack,onslaught	0.19958268836577434	0.2048676138294707	0.22352887912920658	0.21471658064617744	0.15730423802937096
07519253-n	fear,fright,fearfulness	0.20045155552709035	0.19318326870534916	0.20505983267086386	0.20365285198024588	0.19765249111645078
00345761-v	get,commence,begin,start	0.20050147882601624	0.1975148408017203	0.2012842923149576	0.20121015362717862	0.1994892344301273
03740161-n	medication,medicine	0.20016067287579484	0.19994768139055524	0.20016067287579484	0.1995702999820602	0.20016067287579484
14877585-n	gas	0.21687524963025495	0.18690165380463736	0.23985999867769037	0.2292078453267001	0.1271552525607173
01244410-a	hostile	0.254934809527278	0.2351955714181659	0.254934809527278	0.254934809527278	0.0
00575741-n	work	0.19989408998558003	0.1973819563907525	0.20118157424770658	0.20076892879557906	0.20077345058038168
13934596-n	environment	0.20054828017563917	0.19903379488741624	0.20010582968160198	0.1997638150797035	0.20054828017563917
00759694-n	terrorism	0.22245006073117912	0.14930415748451262	0.21118076940479574	0.17410508439424371	0.24295992798526891
06272803-n	call	0.20188953375608978	0.1929818895087778	0.20518642991267902	0.204891240500739	0.1950509063217144
02764251-a	military	0.2099959737662134	0.21078740752324204	0.24563266184530425	0.22454652005332154	0.10903743681191859
05839024-n	kind,sort,form	0.19987853180344162	0.1995706590830063	0.20018761981149505	0.20004634783619016	0.20031684146586692
00103834-n	drive	0.1994152494696454	0.19346171483484678	0.20277649020400526	0.2015700552874974	0.20277649020400526
08559508-n	home,place	0.19983785534317489	0.19897847828496054	0.2022915949641304	0.2017863356587734	0.19710573574896081
02512053-n	fish	0.20555043394482456	0.17914510896883556	0.20555043394482456	0.20420358919669085	0.20555043394482456
02504562-v	coerce,pressure,squeeze,force	0.20269399140105218	0.20529112189796517	0.2051667928222127	0.20551194401073844	0.18133614986803145
01117477-a	fake,phony,phoney,bastard,bogus	0.19564623727993855	0.19677292650524172	0.20041298920883263	0.2035695292778596	0.20359831772812753
00417859-n	hug	0.2012891289684907	0.20132320766847459	0.20280589893858855	0.20210385161291178	0.19247791281153434
00007846-n	someone,individual,person,soul,mortal,somebody	0.19994550634791702	0.19709235991003715	0.20081857484550855	0.2004612189254004	0.2016823399711369
02061069-v	wince,recoil,flinch,funk,cringe	0.20238379266829654	0.19291551307076085	0.20238379266829654	0.19993310892434954	0.20238379266829654
00603804-a	litigious,contentious	0.1662049861495845	0.19097278800716963	0.48883819455760147	0.07576992015642822	0.07821411112921624
15120823-n	past,yesteryear	0.20016200849697421	0.19741748454683164	0.2003735208315496	0.20071924778610173	0.20132773833854287
01126291-a	awful,terrible,atrocious	0.21511129541161897	0.14089757046573287	0.2102763466011699	0.21673642832548737	0.21697835919599093
00193480-a	ugly,horrible,horrifying,frightful,atrocious	0.20789274050789147	0.15769310026918845	0.21153647925664554	0.2113412007096288	0.21153647925664554
01032840-v	network	0.36414194915254233	0.2717161016949152	0.36414194915254233	0.0	0.0
15137890-n	holiday,vacation	0.20006565704773527	0.19404815651683482	0.2020349723941289	0.2014515842766357	0.20239962976466533
01449564-a	lost	0.20216817731874234	0.19162027241515575	0.20216817731874234	0.2018751956286173	0.20216817731874234
02207206-v	buy,purchase	0.2006729648890168	0.19512143780234475	0.20304127493129778	0.20218501427163527	0.1989793081057054
02075321-a	demented,disturbed,crazy,mad,sick	0.1969663350032921	0.20006097701048314	0.20114428537633805	0.2006291447587258	0.20119925785116077
02101757-a	lurid,shocking	0.18682944375154553	0.12433257982451211	0.23477355825524077	0.21929085991346095	0.23477355825524077
06785654-n	crossword	0.2962962962962963	0.1111111111111111	0.2962962962962963	0.2962962962962963	0.0
04028315-n	puzzle	0.21767688613312947	0.19462859879828712	0.21910143477326638	0.2240687418208614	0.14452433847445562
12109827-n	oat	0.0	0.4418604651162791	0.5581395348837209	0.0	0.0
07573696-n	repast,meal	0.19555988183693615	0.19698993494676456	0.20236801083085865	0.20233335174534314	0.20274882064009744
02250430-a	solitary	0.0	0.30434782608695654	0.34782608695652173	0.34782608695652173	0.0
00694068-v	respect,esteem,value	0.2048827660812483	0.18046893567500677	0.2048827660812483	0.2048827660812483	0.2048827660812483
00910101-a	level,flat	0.1988668543337254	0.19695286643473905	0.2013934264105118	0.2013934264105118	0.2013934264105118
02164165-a	portentous	0.0	1.0	0.0	0.0	0.0
02557719-a	nutrient,nutritious,nourishing	0.2285714285714286	0.08571428571428573	0.2285714285714286	0.2285714285714286	0.2285714285714286
13128582-n	rootstock	0.0	1.0	0.0	0.0	0.0
07525555-n	misgiving,scruple,qualm	0.25904051393637967	0.22287845819086105	0.25904051393637967	0.25904051393637967	0.0
02468635-a	typical	0.20548092888476913	0.16310441843541212	0.2095322655785947	0.210941193550612	0.210941193550612
04491135-n	trump	0.15177710597271019	0.19816978511316286	0.061769752430754145	0.2941416782416864	0.2941416782416864
10677713-n	admirer,supporter,booster,protagonist	0.20996259973896444	0.16981775066887445	0.20762968196408704	0.20262736788910962	0.20996259973896444
09917593-n	child,shaver,fry,kid,minor,youngster	0.20056581911817567	0.19746389773229614	0.20210354979928	0.2019647917160039	0.19790194163424413
00597915-v	learn,acquire	0.19960679920944763	0.19697106338331885	0.201364265211353	0.20051915778228233	0.20153871441359816
08276720-n	school	0.2004988115296014	0.1982097321612378	0.20210672828902984	0.20175691718272037	0.19742781083741054
02339171-v	afford,give,yield	0.19929585924434545	0.1972617273678261	0.20150093641255135	0.20137674016087062	0.2005647368144065
01774136-v	hate,detest	0.20168534607630395	0.19534416271911983	0.20045010667598506	0.2018391662784376	0.20068121825015373
14660443-n	u,uranium	0.19204157672117267	0.16497343744542786	0.21647639991815024	0.21320799555386938	0.21330059036137985
05820170-n	respect,regard	0.20013188832281673	0.18961994331867593	0.20665968402380447	0.2052629458594978	0.19832553847520512
08918800-n	ur	0.1987541615746143	0.1401581856117069	0.21972735298669377	0.2187323866147038	0.22262791321228134
04914292-n	rudeness	0.29359953024075164	0.11920140927774515	0.29359953024075164	0.29359953024075164	0.0
05564590-n	manus,mitt,hand	0.20003114616769643	0.19603999798717262	0.20248913873451677	0.20162880469700287	0.19981091241361132
10272913-n	loser	0.22032903227547504	0.19214497975436806	0.2181685186125923	0.21858170264571627	0.15077576671184845
09394007-n	planet	0.1982540139519863	0.189309741561928	0.20860698992166074	0.2073670395030387	0.19646221506138603
10261041-n	lifer	0.0	0.17965545529122234	0.4101722723543889	0.4101722723543889	0.0
00037641-r	so,indeed	0.20117383385559884	0.19051360485873142	0.202654639978566	0.2024470220959985	0.2032108992111053
05024254-n	mass	0.21144177024267916	0.1851201271686851	0.20955229059370203	0.21144177024267916	0.18244404175225457
10665698-n	student,pupil	0.20124866589492224	0.19812237713525857	0.2013864340167485	0.20101845395221543	0.19822406900085535
00919542-a	excited	0.20149440187383577	0.19806801653394224	0.20126880493059454	0.19767437478779168	0.20149440187383577
00654625-v	classify,sort,class	0.18544310080892737	0.19977669539041568	0.20593021537890913	0.2029197730428387	0.20593021537890913
02004009-v	haunt	0.21242283291075315	0.14348382269116608	0.2156941948662242	0.2127049546656325	0.2156941948662242
02203362-v	hold,have	0.1986725506767992	0.1952665698739298	0.20210055373918162	0.2013797614429675	0.2025805642671219
05984584-n	experience	0.20009895870481914	0.1997490850764251	0.1999540388091176	0.20009895870481914	0.20009895870481914
05769062-n	nightmare	0.21629883431049218	0.17311696708585775	0.21452604346466642	0.22015177065277336	0.17590638448621027
08059870-n	firm	0.20329966887219963	0.19191822813389708	0.21891814670131154	0.20257954893784078	0.18328440735475088
00913065-v	shout,call,yell,holler,cry,scream	0.19926697662183784	0.19733406521185537	0.2002193796896025	0.20117748562697435	0.20200209284972995
08302724-n	who	0.20079588185900477	0.20016307059496427	0.19744928382802135	0.20079588185900477	0.20079588185900477
00962447-v	speak,talk	0.19990577350721594	0.19852354920576398	0.20066435809475627	0.20052556500051666	0.20038075419174722
00782216-a	faint	0.19267849028028544	0.19403083135493962	0.20805247302372262	0.19718573231732972	0.20805247302372262
00020759-r	never	0.19939445314083828	0.19500054908561223	0.2020395097362768	0.20167731117338963	0.20188817686388308
00181781-n	election	0.20159674940668376	0.20136941751382836	0.20414095286552306	0.20342408836329406	0.18946879185067084
01815628-v	delight,please	0.2027399932265287	0.18415588576468286	0.20203963839526962	0.20420794627763275	0.20685653633588597
01494310-v	set,put,lay,pose,place	0.20063688373669697	0.19896172057349787	0.20335364441156561	0.2024910828059235	0.1945566684723161
02032953-a	left	0.2004358196761319	0.19410580107714476	0.20198714719185953	0.20148408486300431	0.20198714719185953
13869327-n	turn,bend,twist	0.19617035064289398	0.1988130889693453	0.2026721318055614	0.19967229677663798	0.2026721318055614
06791372-n	signaling,signal	0.20188205744962595	0.20176753124332628	0.22510323307176602	0.21367491508504555	0.15757226315023623
00008997-r	perfectly,utterly,absolutely	0.19887061724038102	0.19737862332805386	0.20147780588872555	0.20105145153538115	0.20122150200745847
00752847-a	pathetic,ridiculous	0.19984188798198813	0.19413833403710898	0.20198357991218024	0.2017853581180362	0.2022508399506865
07891726-n	vino,wine	0.20307434433025898	0.19572279467131187	0.20479094816191432	0.20554238749633022	0.19086952534018475
00797299-a	drunk,intoxicated,inebriated	0.2038087156266277	0.20005629643258627	0.20571079056687	0.2021613332298289	0.18826286414408713
00229630-a	worst	0.19859820536760903	0.18275661358259546	0.20392413989312685	0.20536130211281042	0.20935973904385816
05840650-n	version,edition	0.20090300667593292	0.18710246101618522	0.20351249202461588	0.20355976256944605	0.20492227771381988
00017445-r	even	0.199722096958992	0.19806781321947348	0.20085072881608812	0.20065435304996393	0.20070500795548227
00607780-v	think,recall,recollect,remember	0.20055057050759437	0.19673911320606022	0.20072528283908286	0.2008938508540117	0.20109118259325093
00022131-r	as,equally	0.19989576073969442	0.18709796561574663	0.20958163998821974	0.20568617550599733	0.19773845815034186
00392690-r	longer	0.19986333970256867	0.19764198122479115	0.2006146129455934	0.20062010426488916	0.20125996186215758
01152746-a	soft	0.20167584313867526	0.17719741455673277	0.2068836491629479	0.20712154657082196	0.20712154657082196
05768553-n	dream	0.20031710801945185	0.19610157450729068	0.20260819521370135	0.20063684685462757	0.20033627540492865
02530167-v	try,attempt,seek,essay	0.19995669879751882	0.19789629064149464	0.20090322154783327	0.20081413035650383	0.20042965865664952
05332802-n	kidney	0.18441833682407247	0.18915526667267088	0.22994805090283355	0.22555029442931682	0.17092805117110624
00759944-v	pray	0.1997046449741582	0.1971173356712311	0.20114088543952865	0.20046239556187925	0.20157473835320275
07319103-n	success	0.2011757485468444	0.17038243778642914	0.21642798986169565	0.21472425534001388	0.19728956846501702
00720063-v	expect,await,look	0.20738467927254975	0.19435189448410614	0.21783397562022933	0.20479849732154692	0.17563095330156797
04716864-n	fitness	0.20358630768475344	0.19323181338460096	0.2023985269982041	0.19719704424768808	0.20358630768475344
00626188-n	weightlifting	0.0	1.0	0.0	0.0	0.0
00818553-v	concede	0.2548236694399881	0.15495853975266174	0.27492221036192566	0.26335417047246545	0.051941409972959235
00027795-r	yet	0.2002945080880277	0.1992708031967454	0.1999924732160389	0.19997834395136474	0.2004638715478233
00197576-a	back	0.2015114612973129	0.19485217487349982	0.20102890201424772	0.20448460250194433	0.19812285931299498
10538518-n	roommate,roomy,roomie	0.20680958385876422	0.17276166456494327	0.20680958385876422	0.20680958385876422	0.20680958385876422
07135734-n	talking,talk	0.20574177439291827	0.19765610509548937	0.21228796681707818	0.20833838893737444	0.17597576475713972
07127006-n	laugh,laughter	0.2015565012140983	0.19084686506147217	0.19693128265181656	0.20325480981814747	0.20741054125446548
02529284-v	fail,neglect	0.20409662766002684	0.19478832498691065	0.20233549700217157	0.20513663430223328	0.1936429160486578
06611376-n	bullshit,shit,dogshit,crap,horseshit,bull	0.20046059420600149	0.18745611448250116	0.203659585846257	0.20345237862307813	0.20497132684216218
02680814-v	cease,quit,discontinue,stop	0.20101724721801373	0.1975351896622377	0.20339003261301122	0.20299133884628945	0.19506619166044795
00749230-a	easy	0.19900390348156471	0.1963354949577456	0.20151640866172962	0.2006996357156232	0.20244455718333687
04928903-n	mode,fashion,way,manner,style	0.20013267542464996	0.1977088837435218	0.20089719206592316	0.2006106145076114	0.20065063425829377
02450256-v	participate	0.20073859996634677	0.19704560013461292	0.20073859996634677	0.20073859996634677	0.20073859996634677
02798370-a	social,societal	0.19992138610837498	0.19514358528086687	0.20127184490090952	0.20147847484842982	0.2021847088614188
00109151-r	there	0.20186485464972195	0.17937727460330025	0.19399299187866934	0.20630430242836548	0.21846057643994293
01551633-a	many	0.20012660218768874	0.1979617941671505	0.2007239559672733	0.200261323009993	0.2009263246678946
00605406-a	awkward	0.20091479602976958	0.1999684055199642	0.19728720639072683	0.20091479602976958	0.20091479602976958
13943968-n	thing	0.19989384565486062	0.19877686719090662	0.2004949563910609	0.20033039840977995	0.2005039323533919
00632438-a	incorrect,wrong	0.20081039961332148	0.19683043777636577	0.2015227696546468	0.20060863544140603	0.2002277575142599
00769553-v	convince	0.2015014936698023	0.19519417707429673	0.2015014936698023	0.20030134191629642	0.2015014936698023
00687926-v	mistrust,distrust	0.2095813612309412	0.16167455507623524	0.2095813612309412	0.2095813612309412	0.2095813612309412
00864159-v	excoriate,condemn,decry	0.24912642008509683	0.1801770792936449	0.2477282766452968	0.24297738694991733	0.07999083702604425
00193015-a	alarming	0.2110886328415407	0.14706936046829513	0.22768428758076062	0.18647343152864293	0.22768428758076062
06370522-n	saga	0.2696871628910464	0.19093851132686082	0.2696871628910464	0.2696871628910464	0.0
03183080-n	device	0.20579631862165626	0.1896874343709266	0.20431100606116953	0.20579631862165626	0.19440892232459128
07309599-n	clip,time	0.19993880572609263	0.1981260247066787	0.20080318617986986	0.2005326263091156	0.20059935707824306
00319886-v	bake	0.18516020906176037	0.19322552747954264	0.20853611446406567	0.2045420345305657	0.20853611446406567
01158872-v	employ,use,utilize,apply,utilise	0.19972937566616225	0.19694650177659428	0.20156483161012606	0.20122313367183597	0.20053615727528137
00965404-n	force,violence	0.21075210215996434	0.20222578614800465	0.2347756115256434	0.218584939449768	0.13366156071661958
01222477-n	intimidation,bullying	0.26542529298868883	0.20372412103393361	0.26542529298868883	0.26542529298868883	0.0
01148283-a	happy	0.19973622931390114	0.19404412246973332	0.20155282318565454	0.20165746101968876	0.20300936401102224
01817500-a	positive	0.1990680309893238	0.19561187407997052	0.2019798311828115	0.20103664724430248	0.20230361650359194
07521674-n	apprehension,dread	0.20815651726757597	0.1693188933879151	0.20621155480935704	0.20815651726757597	0.20815651726757597
02609764-v	end,finish,stop	0.2006661577521327	0.19936781506045084	0.20204164657885232	0.20200993467110057	0.19591444593746352
00027384-r	nevertheless,yet,however,nonetheless,still,notwithstanding	0.20079361626229167	0.19747438802690764	0.2005157739328124	0.2004226055156967	0.20079361626229167
09190918-n	agent	0.21793964328786683	0.1799724900154845	0.22888058459142624	0.21717513169332936	0.15603215041189306
01117677-a	inauthentic	0.0	0.37343358395989973	0.0	0.6265664160401002	0.0
10602985-n	sis,sister	0.19764263507828608	0.19833810956157719	0.20105126143373148	0.2012741804124654	0.20169381351393986
01775164-v	love	0.1986838724607257	0.19691568412936575	0.2017545861483677	0.20082141808697612	0.20182443917456458
00094448-a	alive	0.20372853113128112	0.19339842785453215	0.20609689102727496	0.20334120473243456	0.19343494525447721
00146594-r	so	0.18897629651342934	0.12951753857697734	0.22327367922353342	0.2250867247664013	0.23314576091965863
00631737-v	opine,think,guess,suppose,reckon	0.1994229050833114	0.19910311390430502	0.2003602287213908	0.1999991182270257	0.20111463406396715
05670710-n	concern	0.21088942690601803	0.1500689593254315	0.21407377429871136	0.21089406517112783	0.21407377429871136
02343517-a	sterling,greatest,superlative	0.20550999577918905	0.1806583236066715	0.20281168905576133	0.20550999577918905	0.20550999577918905
02031986-a	right	0.18721405439755576	0.19922083491811568	0.20452170356144284	0.20452170356144284	0.20452170356144284
02133435-v	seem,appear,look	0.20011992957011523	0.19794359864440536	0.20046161980119986	0.20045123299814063	0.20102361898613902
07302836-n	fire	0.19781891420017242	0.17884731667680573	0.23524883725149998	0.2197173841131099	0.1683675477584119
07519773-n	consternation,alarm,dismay	0.2157587876427655	0.12296117949897878	0.22432377413052587	0.225584614783992	0.2113716439437379
00674340-v	disapprove	0.20733982998133943	0.17064068007464234	0.20733982998133943	0.20733982998133943	0.20733982998133943
01160342-n	penalty,punishment	0.24563984927879637	0.21926335070338435	0.25507272750345233	0.24941534521395267	0.030608727300414282
02748618-n	aspirin,bayer	0.26502937408896154	0.16935377004284644	0.22593754141083972	0.17933654313353065	0.16034277132382174
05563266-n	pes,foot	0.19968458091687444	0.19604834508891578	0.2014240404304057	0.20097605360298856	0.20186697996081562
02560548-a	broad,wide	0.2008802187994454	0.1972755348732109	0.2000838087284529	0.2008802187994454	0.2008802187994454
00292937-a	busy	0.19932330622883168	0.1979890547356033	0.2008602686488215	0.20039357135763103	0.20143379902911238
01589723-v	code	0.20633979004926362	0.1746408398029455	0.20633979004926362	0.20633979004926362	0.20633979004926362
08434259-n	web,network	0.19896578710808926	0.1812142935167392	0.2095999257869677	0.19983402451802298	0.21038596907018087
10014939-n	director,manager	0.2043286663736529	0.18763344257195336	0.20230660866226688	0.20140261601847395	0.2043286663736529
00636888-v	base,establish	0.19259727907096488	0.19694276110392586	0.20331521037864705	0.2035723747232311	0.2035723747232311
00455599-n	game	0.19989303462266664	0.19096525390970637	0.20849631413132372	0.20584803309545788	0.19479736424084526
10702781-n	terrorist	0.20817852682171034	0.20901250573113467	0.21272390950340708	0.2269055034703009	0.14317955447344705
00392812-a	black	0.19202877437955415	0.19624268348840646	0.2061242364220843	0.20434005150028273	0.20126425420967234
09738708-n	american	0.20062906964785673	0.19983739818384086	0.19935404378467408	0.19955041873577148	0.20062906964785673
00079485-a	fearful	0.20051808997207446	0.20022745983750434	0.1982182702462723	0.20051808997207446	0.20051808997207446
04509592-n	uniform	0.20236360692892993	0.19054557228428043	0.20236360692892993	0.20236360692892993	0.20236360692892993
01968165-a	daily	0.19954226646084997	0.20035527379033452	0.19994799510346495	0.19954226646085	0.20061219818450066
13790912-n	basis	0.1995015614082345	0.19622352564738219	0.2020643285014233	0.2001462559415367	0.2020643285014233
01437963-a	long	0.19985484939474032	0.19801818239961497	0.20089542190957638	0.20072192250061802	0.2005096237954502
06542047-n	ban	0.19828021418699154	0.24083622309213845	0.23596984167708088	0.23296559600758096	0.0919481250362082
00102586-v	harm	0.19887218902522466	0.19755426460142972	0.2011911821244486	0.2011911821244486	0.2011911821244486
07942152-n	people	0.19949730345799838	0.19790489512680537	0.2012436476493782	0.2008847274892685	0.20046942627654965
01019283-a	disabled,handicapped	0.21347913442564523	0.14934257708298396	0.21347913442564523	0.21022001964008039	0.21347913442564523
10749528-n	veteran	0.2013582214389712	0.1961005345458425	0.19982480113724366	0.2013582214389712	0.2013582214389712
00098714-r	instead,rather	0.20017256755092722	0.19834332563988222	0.2005596670622152	0.20022540257365723	0.20069903717331813
02009433-v	leave	0.19945479971045263	0.19920155015837443	0.20122192644769965	0.20074304810797428	0.19937867557549882
00348801-n	tremor,shudder	0.2606832280016867	0.2130360178537804	0.27051182428400555	0.2557689298605273	0.0
05122557-n	bulk,majority	0.20439528063367213	0.1823351016077148	0.2047824035335026	0.20370481069160784	0.2047824035335026
09985075-n	client	0.20177849522502256	0.18886526922680247	0.2027033656587566	0.20268904800130877	0.20396382188810944
10640620-n	partner,spouse	0.20434509288803027	0.19354090259011722	0.20453183213614154	0.20394760179928273	0.19363457058642816
00582388-n	line,job,occupation,business	0.1999211896621445	0.19660136347061277	0.20178078905158645	0.20113265927928922	0.20056399853636708
