01749320-a	perfect	0.30038759689922484	0.22480620155038764	0.31782945736434104	0.1569767441860465
14406900-n	bummer	0.3125	0.18749999999999997	0.25	0.25
01123148-a	good	0.28604884576781536	0.2522582803613249	0.3071261291401806	0.15456674473067902
00027384-r	nevertheless,nonetheless,however	0.2912280701754386	0.2473684210526316	0.3192982456140351	0.1421052631578947
02343762-a	outstanding	0.2835820895522388	0.22388059701492535	0.2835820895522388	0.20895522388059698
01676517-a	fantastic,marvellous,terrific,wonderful	0.29458041958041953	0.26136363636363635	0.30856643356643365	0.13548951048951055
02715513-n	lobby,hall	0.3014608233731739	0.2164674634794157	0.31739707835325354	0.16467463479415673
02960975-a	swiss	0.23529411764705882	0.23529411764705882	0.2941176470588235	0.23529411764705882
05984584-n	experience	0.29568106312292364	0.26245847176079734	0.3023255813953488	0.13953488372093023
01278818-a	great	0.3061224489795919	0.22448979591836735	0.32653061224489793	0.1428571428571429
01053617-n	stay	0.29796839729119645	0.24379232505643333	0.32618510158013536	0.13205417607223477
07228971-n	thanks	0.2519685039370079	0.2598425196850394	0.26771653543307083	0.2204724409448819
00370869-a	blue	0.3999999999999999	0.2571428571428571	0.2285714285714286	0.1142857142857143
09358358-n	moon	0.23529411764705882	0.23529411764705882	0.2941176470588235	0.23529411764705882
03542333-n	hotel	0.2921101341971312	0.24051365108745976	0.313049514113836	0.1543267006015731
01074650-a	friendly	0.3167381974248925	0.22317596566523606	0.31759656652360513	0.1424892703862662
08439955-n	staff	0.3020186335403728	0.2379658385093166	0.31638198757763986	0.1436335403726708
02232251-a	fine	0.3211009174311926	0.2568807339449541	0.3302752293577981	0.09174311926605506
04105893-n	room	0.29493912628312274	0.25041776080210104	0.3117689185963235	0.14287419431845266
01918984-a	quiet	0.28888888888888886	0.22222222222222224	0.362962962962963	0.12592592592592594
02343110-a	excellent	0.3174294060370009	0.2171372930866602	0.31645569620253167	0.14897760467380727
00027167-n	location	0.3003975014196479	0.2504258943781942	0.30834752981260644	0.14082907438955156
08539072-n	downtown	0.30726256983240224	0.2290502793296089	0.31284916201117324	0.15083798882681562
01586342-a	nice	0.31212121212121197	0.2313131313131312	0.3101010101010102	0.1464646464646466
00300247-r	possibly,maybe,perhaps	0.27619047619047615	0.25714285714285706	0.29047619047619044	0.17619047619047612
02627934-v	involve,require,ask,need,take	0.30534918276374434	0.24071322436849932	0.3098068350668647	0.14413075780089163
00833546-v	update	0.22222222222222224	0.2916666666666667	0.30555555555555564	0.1805555555555556
01838253-a	fine	0.26086956521739124	0.3043478260869565	0.34782608695652184	0.08695652173913046
00037641-r	indeed	0.25641025641025644	0.25641025641025644	0.3589743589743589	0.12820512820512822
00444519-a	near,close	0.2638888888888889	0.24305555555555558	0.31944444444444453	0.17361111111111113
01195536-a	helpful	0.31638418079096037	0.24387947269303203	0.3267419962335216	0.11299435028248593
06561942-n	complaint,charge	0.21538461538461537	0.3384615384615385	0.3230769230769231	0.1230769230769231
00168505-n	parking	0.29268292682926833	0.2543554006968641	0.3310104529616724	0.12195121951219513
15227846-n	hr,hour	0.22424242424242424	0.3060606060606062	0.30303030303030304	0.16666666666666666
00089408-r	extremely,highly	0.29654255319148937	0.23936170212765964	0.30585106382978716	0.15824468085106386
01533974-a	excessive	0.26315789473684215	0.26315789473684215	0.4736842105263158	0.0
00084223-r	especially,specially,particularly	0.29596412556053814	0.2645739910313901	0.3071748878923767	0.1322869955156951
10150940-n	guest	0.2747524752475247	0.25495049504950495	0.2896039603960396	0.18069306930693066
00117985-v	remain,stay	0.29630895420369124	0.24265208475734795	0.3212576896787423	0.13978127136021865
15167027-n	night	0.30057293962097853	0.24239753195240188	0.3129131776112824	0.14411635081533722
13320168-n	fee	0.29702970297029707	0.24752475247524755	0.35643564356435636	0.09900990099009903
13778671-n	parking	0.3116883116883116	0.25974025974025977	0.3116883116883116	0.11688311688311688
03580615-n	internet	0.2693498452012384	0.24767801857585148	0.3126934984520125	0.17027863777089788
02796995-n	bar	0.28904428904428897	0.22261072261072262	0.303030303030303	0.18531468531468534
13306870-n	charge	0.2567567567567567	0.3243243243243243	0.29729729729729726	0.12162162162162163
02251743-v	pay	0.2804097311139564	0.23047375160051214	0.30857874519846357	0.18053777208706787
00019339-r	always	0.3074141048824593	0.21157323688969262	0.321880650994575	0.1591320072332731
02530167-v	seek,attempt,try	0.2979397781299525	0.2361331220285262	0.30586370839936605	0.16006339144215537
06410904-n	book	0.3068181818181818	0.25000000000000006	0.2897727272727273	0.15340909090909088
02203362-v	hold,have	0.3076923076923077	0.2512820512820512	0.31025641025641026	0.13076923076923078
01820302-v	enjoy,savor	0.2800687285223368	0.23883161512027493	0.3127147766323024	0.16838487972508592
02637202-v	stay	0.2700228832951945	0.25400457665903897	0.3020594965675057	0.1739130434782609
15203791-n	yr,year	0.29282868525896416	0.250996015936255	0.30079681274900394	0.1553784860557769
02879309-n	boutique	0.21495327102803735	0.2803738317757009	0.2990654205607477	0.20560747663551396
14526182-n	feel,smell	0.31460674157303375	0.2808988764044944	0.30337078651685395	0.10112359550561797
01244106-a	welcoming	0.28461538461538466	0.2769230769230769	0.3230769230769231	0.11538461538461538
14524849-n	atmosphere,ambiance	0.3194444444444445	0.25000000000000006	0.33333333333333337	0.09722222222222224
00047534-r	besides,also	0.31262262916939165	0.23348593852190974	0.3060824068018313	0.14780902550686725
01805982-v	appreciate	0.2916666666666667	0.2708333333333334	0.2708333333333334	0.16666666666666669
07891726-n	wine	0.3009118541033435	0.24620060790273557	0.3130699088145897	0.1398176291793313
15228378-n	hour	0.2638888888888889	0.27083333333333337	0.28472222222222227	0.1805555555555556
07929519-n	coffee	0.29195402298850576	0.24827586206896554	0.32413793103448274	0.13563218390804593
15165289-n	morning	0.3072407045009784	0.2504892367906067	0.3385518590998043	0.10371819960861058
00035058-r	often	0.3076923076923077	0.26923076923076916	0.2884615384615384	0.13461538461538458
01166351-v	eat	0.27976190476190477	0.22023809523809523	0.27976190476190477	0.22023809523809523
01296462-v	attach	0.3333333333333333	0.3333333333333333	0.3333333333333333	0.0
04081281-n	eatery,restaurant	0.2842227378190255	0.22911832946635735	0.31264501160092806	0.17401392111368924
08057816-n	chain	0.26865671641791045	0.2686567164179105	0.31343283582089554	0.14925373134328357
01617192-v	create,make	0.297029702970297	0.28712871287128716	0.28712871287128716	0.12871287128712872
00786195-n	attempt,effort	0.3103448275862069	0.2413793103448276	0.32183908045977005	0.1264367816091954
08567877-n	destination	0.2608695652173913	0.2608695652173913	0.28260869565217395	0.19565217391304351
01798936-v	disappoint	0.291044776119403	0.23880597014925373	0.36567164179104483	0.10447761194029852
00198147-a	front	0.28460342146189743	0.255054432348367	0.29393468118195965	0.166407465007776
03179701-n	desk	0.2777222777222777	0.25474525474525467	0.2897102897102897	0.17782217782217782
00476819-a	comfortable,comfy	0.3005671077504726	0.23818525519848777	0.3175803402646502	0.1436672967863895
05200169-n	ability	0.3333333333333333	0.3333333333333333	0.3333333333333333	0.0
02210855-v	get	0.30857142857142866	0.25230769230769223	0.30989010989010984	0.12923076923076932
02064745-a	different	0.2915360501567398	0.22884012539184953	0.3166144200626959	0.16300940438871472
03938244-n	pillow	0.28491620111731847	0.20111731843575414	0.30726256983240213	0.20670391061452512
00147876-r	easily	0.30097087378640774	0.2912621359223301	0.2912621359223301	0.11650485436893201
02807616-n	bathrobe	0.43333333333333335	0.13333333333333336	0.43333333333333335	0.0
10787470-n	woman	0.2857142857142857	0.261904761904762	0.2976190476190476	0.15476190476190474
01835496-v	move,travel,go	0.28473357306309266	0.25008172605426615	0.29552141222621764	0.16966328865642355
00582388-n	business,job,line	0.284274193548387	0.2620967741935484	0.29637096774193544	0.15725806451612898
02681795-v	keep,hold,maintain	0.2859078590785907	0.2493224932249323	0.2913279132791328	0.17344173441734417
02774630-n	luggage,baggage	0.3435114503816794	0.2061068702290077	0.3473282442748092	0.10305343511450385
11473954-n	light	0.31746031746031744	0.25396825396825395	0.31746031746031744	0.1111111111111111
00580961-n	housekeeping	0.29565217391304344	0.2695652173913043	0.27826086956521734	0.1565217391304348
00417413-a	clean	0.3234686854783206	0.22023399862353754	0.35237439779765994	0.10392291810048182
00010466-r	fully	0.26373626373626363	0.24175824175824176	0.35164835164835156	0.14285714285714285
02285392-v	stock	0.2799999999999999	0.2799999999999999	0.25999999999999995	0.18000000000000002
04779053-n	amenity	0.3116883116883117	0.21428571428571425	0.3051948051948052	0.16883116883116883
07575726-n	dinner	0.2904109589041096	0.26849315068493157	0.315068493150685	0.12602739726027395
00008997-r	perfectly,absolutely	0.31518624641833815	0.20343839541547276	0.33810888252149	0.14326647564469913
00217728-a	beautiful	0.293015332197615	0.24020442930153324	0.2947189097103919	0.17206132879045993
08581503-n	resort	0.3126338329764453	0.21413276231263392	0.3008565310492505	0.17237687366167023
15138903-n	honeymoon	0.2924528301886793	0.25471698113207547	0.3018867924528301	0.15094339622641512
00625119-v	read	0.3165266106442578	0.23809523809523808	0.35294117647058815	0.09243697478991597
06410391-n	review	0.29761904761904767	0.238095238095238	0.3095238095238096	0.1547619047619048
00120316-v	get,make	0.2950191570881226	0.2464878671775223	0.28799489144316726	0.17049808429118768
00647247-a	sceptical	0.5	0.0	0.5	0.0
00594621-v	know	0.30724637681159417	0.22608695652173913	0.3072463768115943	0.15942028985507245
07942152-n	people	0.30309988518943737	0.21814006888633755	0.31113662456946034	0.16762342135476466
00907147-v	complain	0.26086956521739124	0.2608695652173913	0.29710144927536225	0.18115942028985504
07205104-n	no	0.37837837837837834	0.10810810810810813	0.37837837837837834	0.13513513513513517
14410605-n	problem	0.2993006993006993	0.26573426573426573	0.3062937062937063	0.12867132867132866
07657903-n	steak	0.21686746987951805	0.24096385542168675	0.30120481927710846	0.24096385542168675
03544360-n	house	0.30434782608695654	0.1739130434782609	0.32608695652173914	0.1956521739130435
01386883-a	great	0.3088672040729742	0.2269834535426389	0.32753500212134073	0.13661434026304625
00521562-n	presentation	0.5	0.0	0.5	0.0
01282510-a	amazing,awesome	0.3428571428571429	0.21904761904761907	0.31428571428571433	0.12380952380952384
01382086-a	large,big	0.2996108949416342	0.23443579766536957	0.3190661478599222	0.146887159533074
07578363-n	portion	0.5	0.0	0.5	0.0
07573696-n	meal	0.3094339622641509	0.22641509433962267	0.3283018867924528	0.13584905660377355
00008600-r	only,solely,alone	0.292063492063492	0.2253968253968254	0.30158730158730157	0.18095238095238092
00875141-v	recommend	0.2998324958123953	0.2470686767169179	0.30820770519262974	0.14489112227805698
01168468-v	eat	0.3136427566807314	0.24331926863572434	0.32489451476793246	0.1181434599156118
00110815-r	inside,within	0.3298611111111111	0.2569444444444444	0.34375	0.06944444444444442
00063172-r	instead	0.3095238095238095	0.2261904761904762	0.3035714285714286	0.16071428571428567
00110919-r	outside	0.4	0.13333333333333333	0.46666666666666656	0.0
01445932-v	bite	0.5714285714285714	0.0	0.42857142857142855	0.0
05560787-n	leg	0.2875	0.2625	0.3125	0.1375
00031899-r	really,very	0.3325358851674641	0.21052631578947364	0.3277511961722488	0.12918660287081338
01712327-a	itchy	0.5	0.0	0.5	0.0
03026902-a	mexican	0.3684210526315791	0.12280701754385966	0.38596491228070173	0.12280701754385966
02957066-a	italian	0.3211678832116789	0.1897810218978102	0.3284671532846716	0.16058394160583944
10193967-n	husband	0.28611111111111115	0.2277777777777778	0.3055555555555555	0.18055555555555558
01553629-a	much	0.32920792079207917	0.19801980198019803	0.33663366336633654	0.13613861386138612
00654885-n	care,attention	0.30534351145038163	0.2824427480916031	0.29770992366412213	0.11450381679389314
00021265-n	food	0.3137254901960784	0.224400871459695	0.30065359477124176	0.16122004357298478
01551633-a	many	0.2982233502538071	0.23096446700507617	0.30583756345177665	0.1649746192893401
02133435-v	appear,seem,look	0.2828389830508475	0.24788135593220328	0.31355932203389825	0.15572033898305088
05790758-n	favourite,favorite	0.33333333333333337	0.16666666666666669	0.33333333333333337	0.16666666666666669
05817396-n	fact	0.276923076923077	0.241025641025641	0.30769230769230776	0.17435897435897438
02609764-v	end	0.30000000000000004	0.2125	0.30625	0.18125000000000002
00083393-r	twice	0.28019323671497576	0.2318840579710145	0.3140096618357488	0.17391304347826086
07576182-n	buffet	0.29577464788732394	0.20422535211267606	0.33098591549295775	0.16901408450704225
00019181-r	quite	0.5	0.0	0.5	0.0
00011093-r	well	0.31305114638447973	0.22310405643738979	0.3333333333333334	0.13051146384479725
00149510-r	actually,really	0.2903871829105474	0.2543391188251002	0.3117489986648866	0.14352469959946598
00109151-r	there	0.306435137895812	0.21859039836567928	0.32686414708886613	0.14811031664964258
05096191-n	large	0.5	0.0	0.5	0.0
08398773-n	smorgasbord,variety	0.32142857142857145	0.17857142857142858	0.32142857142857145	0.17857142857142858
00674607-v	select,choose,take	0.2871287128712871	0.2336633663366337	0.29900990099009905	0.1801980198019802
10748620-n	vip	0.5	0.0	0.5	0.0
03871083-n	package	0.3684210526315789	0.15789473684210525	0.35526315789473684	0.11842105263157895
02586206-a	worth	0.3465346534653465	0.22277227722772283	0.33663366336633666	0.09405940594059409
01581305-a	extra,spare	0.28034682080924855	0.24566473988439305	0.29768786127167624	0.17630057803468208
04140631-n	buck	0.5	0.0	0.5	0.0
01922227-a	relaxing	0.33333333333333337	0.16666666666666669	0.33333333333333337	0.16666666666666669
13301620-n	premium	0.2916666666666667	0.16666666666666669	0.37500000000000006	0.16666666666666669
06845599-n	brand	0.39655172413793105	0.10344827586206896	0.4137931034482759	0.08620689655172414
07885223-n	drink	0.30288461538461536	0.25320512820512825	0.2932692307692308	0.1506410256410256
13774404-n	lot,plenty,deal	0.2985948477751756	0.2552693208430913	0.3091334894613584	0.13700234192037478
01391351-a	small,little	0.3007092198581559	0.243498817966903	0.3229314420803783	0.13286052009456276
03307981-n	extra	0.36	0.12000000000000001	0.39999999999999997	0.12000000000000001
01020005-v	mention,note	0.28571428571428564	0.28928571428571426	0.3107142857142857	0.11428571428571427
09841188-n	bartender	0.3170731707317073	0.21951219512195125	0.3536585365853659	0.10975609756097562
01009240-v	state,say,tell	0.2887582659808964	0.27700220426157224	0.2939015429831008	0.14033798677443063
01825237-v	want,desire	0.3097880928355196	0.23713420787083753	0.2906155398587286	0.1624621594349142
07905038-n	rum	0.5	0.0	0.5	0.0
00230335-a	better	0.3051224944320713	0.22271714922049	0.32293986636971045	0.14922048997772822
00933154-a	expensive	0.32857142857142857	0.2285714285714286	0.32000000000000006	0.12285714285714286
07906111-n	vodka	0.5	0.0	0.5	0.0
00113082-r	otherwise,differently	0.29347826086956524	0.20652173913043478	0.3043478260869565	0.1956521739130435
00070965-n	fault,mistake	0.3225806451612903	0.2580645161290323	0.33870967741935487	0.08064516129032258
02210119-v	receive	0.2899408284023669	0.1952662721893491	0.30177514792899407	0.21301775147928995
07884567-n	alcohol	0.4166666666666667	0.20833333333333334	0.375	0.0
01209576-n	service	0.33333333333333337	0.16666666666666669	0.33333333333333337	0.16666666666666669
10282672-n	maid	0.3157894736842105	0.25263157894736843	0.31578947368421045	0.11578947368421051
02547586-v	help,assist	0.29585798816568054	0.2307692307692308	0.3431952662721894	0.13017751479289938
02202133-v	tip	0.24137931034482754	0.2241379310344828	0.3103448275862069	0.2241379310344828
02077656-v	take,bring	0.32779097387173395	0.2209026128266033	0.3230403800475059	0.12826603325415675
13265011-n	gift	0.3023255813953488	0.186046511627907	0.3023255813953488	0.20930232558139533
03259505-n	home	0.26612903225806445	0.25	0.2741935483870968	0.2096774193548387
04183516-n	shampoo	0.34285714285714286	0.2857142857142857	0.3142857142857143	0.05714285714285714
04253437-n	soap	0.5	0.0	0.5	0.0
14974264-n	paper	0.38	0.26	0.36000000000000004	0.0
03906997-n	pen	0.5	0.0	0.5	0.0
02728440-n	clothes	0.3258426966292134	0.19101123595505617	0.3370786516853932	0.14606741573033705
07208708-n	complaint	0.30630630630630634	0.2432432432432432	0.35135135135135137	0.09909909909909911
02807731-n	bathroom,bath	0.31076388888888884	0.2274305555555556	0.3081597222222222	0.15364583333333337
13365286-n	living	0.36	0.16000000000000003	0.38	0.09999999999999999
02708420-v	spend	0.2952853598014888	0.2456575682382134	0.3052109181141439	0.15384615384615383
13736799-n	half	0.40625	0.14062499999999997	0.37499999999999994	0.078125
09217230-n	beach	0.32207478890229174	0.23401688781664665	0.3172496984318456	0.12665862484921594
05687338-n	trouble	0.30379746835443033	0.18987341772151894	0.3164556962025316	0.18987341772151894
02154508-v	notice,discover,find,observe	0.29374110953058324	0.2396870554765292	0.3065433854907539	0.16002844950213385
03550153-n	hut	0.3582089552238806	0.14925373134328357	0.373134328358209	0.11940298507462688
03001627-n	chair	0.33333333333333337	0.248995983935743	0.3172690763052209	0.10040160642570281
01543123-v	sit	0.30366492146596863	0.2277486910994764	0.306282722513089	0.16230366492146595
08664443-n	place,spot	0.3002114164904863	0.22885835095137416	0.3165961945031712	0.15433403805496834
07309599-n	clip,time	0.30027855153203337	0.23788300835654602	0.30974930362117	0.1520891364902507
00511430-v	tan	0.5	0.0	0.5	0.0
03982060-n	pool	0.3252361673414305	0.19433198380566807	0.330634278002699	0.14979757085020245
01960911-v	swim	0.3773584905660377	0.28301886792452824	0.3396226415094339	0.0
02788689-n	bar	0.32989690721649484	0.20618556701030932	0.3814432989690722	0.08247422680412372
00018526-v	wake	0.3461538461538462	0.19230769230769235	0.3653846153846154	0.09615384615384617
09222051-n	bit,chip	0.3306010928961749	0.20765027322404372	0.34153005464480873	0.12021857923497267
00814611-a	earlier	0.3448275862068965	0.17241379310344826	0.3448275862068965	0.13793103448275862
09450163-n	sun	0.3424657534246575	0.20547945205479454	0.32876712328767116	0.1232876712328767
09376198-n	ocean	0.31111111111111106	0.25555555555555554	0.3055555555555555	0.1277777777777778
11431754-n	breeze	0.3225806451612903	0.21505376344086022	0.3225806451612903	0.13978494623655913
02769241-v	blow	0.34782608695652173	0.17391304347826086	0.34782608695652173	0.13043478260869562
00370412-v	cool,chill	0.3703703703703704	0.11111111111111112	0.3703703703703704	0.14814814814814817
01125429-a	bad	0.3232876712328767	0.23013698630136983	0.304109589041096	0.1424657534246575
14290534-n	burn	0.5	0.0	0.5	0.0
15166191-n	afternoon	0.30508474576271183	0.20338983050847453	0.327683615819209	0.1638418079096045
01277426-a	main	0.3138461538461538	0.21846153846153846	0.34153846153846157	0.12615384615384617
15155220-n	day	0.28980891719745216	0.23630573248407644	0.3057324840764331	0.16815286624203826
15166462-n	evening	0.3059701492537313	0.22388059701492538	0.3358208955223881	0.13432835820895522
00018781-r	quite	0.31926121372031663	0.22955145118733514	0.3245382585751979	0.12664907651715035
02599754-v	book	0.2796208530805687	0.24644549763033177	0.3127962085308057	0.1611374407582938
00310666-n	tour	0.3732057416267942	0.12918660287081338	0.3875598086124402	0.11004784688995213
02589245-v	affiliate	0.5	0.0	0.5	0.0
02924116-n	bus	0.33640552995391704	0.19815668202764977	0.3571428571428571	0.108294930875576
00631737-v	suppose,guess,think	0.3118279569892473	0.21505376344086022	0.2688172043010753	0.20430107526881724
01382083-v	pick	0.30952380952380953	0.21428571428571427	0.3571428571428571	0.11904761904761901
00068577-r	along	0.33898305084745767	0.13559322033898305	0.38983050847457623	0.13559322033898305
02632353-v	miss,lack	0.3378378378378379	0.16216216216216217	0.33783783783783783	0.16216216216216217
02009433-v	leave	0.3183856502242151	0.2496263079222721	0.3004484304932736	0.13153961136023914
02436349-v	deal	0.28571428571428575	0.19642857142857145	0.28571428571428575	0.23214285714285715
05814650-n	issue	0.3636363636363636	0.22727272727272724	0.3977272727272727	0.011363636363636364
02564986-a	willing	0.38461538461538464	0.0	0.6153846153846154	0.0
00024893-r	either	0.315	0.22000000000000003	0.3350000000000001	0.13
00816353-v	return	0.5	0.0	0.5	0.0
13384557-n	money	0.3068181818181818	0.25	0.32102272727272724	0.1221590909090909
00075161-r	back	0.294314381270903	0.24191750278706797	0.3043478260869566	0.15942028985507248
00501990-r	in	0.27246376811594203	0.23768115942028986	0.2956521739130435	0.19420289855072465
00697589-v	decide	0.281786941580756	0.27835051546391754	0.3058419243986254	0.13402061855670108
00598954-v	discover,see,hear	0.3529411764705882	0.15686274509803924	0.35294117647058826	0.13725490196078433
01013279-a	last	0.27999999999999997	0.27764705882352947	0.28470588235294103	0.1576470588235294
00429048-n	entertainment,amusement	0.3308270676691729	0.18796992481203006	0.3233082706766917	0.15789473684210528
02858304-n	boat	0.3793103448275862	0.17241379310344826	0.4482758620689655	0.0
00307631-n	drive,ride	0.299212598425197	0.2545931758530183	0.2939632545931759	0.1522309711286089
00020759-r	never	0.2785185185185185	0.2355555555555556	0.3022222222222222	0.1837037037037037
02129289-v	see	0.299410029498525	0.24336283185840707	0.32890855457227147	0.1283185840707965
02512053-n	fish	0.24615384615384608	0.24615384615384614	0.3230769230769231	0.18461538461538465
00514884-a	whole	0.30714285714285716	0.22857142857142856	0.3142857142857143	0.15
00219705-a	gorgeous	0.32061068702290074	0.1984732824427481	0.3129770992366412	0.16793893129770995
02359789-a	amazing	0.3440860215053764	0.2849462365591398	0.2741935483870968	0.0967741935483871
01904930-v	walk	0.3042016806722689	0.2369747899159664	0.32268907563025206	0.13613445378151268
00068368-r	on,along	0.3305785123966943	0.19834710743801656	0.3140495867768595	0.15702479338842976
01674242-a	everyday	0.2755102040816326	0.20408163265306123	0.326530612244898	0.19387755102040824
00689344-v	believe,think	0.314516129032258	0.22741935483870976	0.30967741935483867	0.14838709677419357
00227507-a	best	0.3186157517899761	0.217183770883055	0.33054892601431984	0.13365155131264916
08630039-n	part	0.30399999999999994	0.2266666666666666	0.32266666666666666	0.14666666666666664
00417787-r	by,past	0.3185840707964602	0.18584070796460184	0.3274336283185841	0.168141592920354
00101323-r	far	0.30491803278688523	0.20655737704918029	0.33770491803278685	0.1508196721311475
07376257-n	blast	0.37037037037037035	0.18518518518518517	0.37037037037037035	0.07407407407407407
01857392-v	stay	0.304079110012361	0.22991347342398022	0.3201483312731768	0.1458590852904821
04535252-n	villa	0.2888888888888889	0.22222222222222224	0.31111111111111106	0.1777777777777778
00025290-r	anywhere	0.26877470355731226	0.23715415019762845	0.2885375494071146	0.20553359683794467
02957469-a	german	0.2941176470588235	0.1764705882352941	0.2941176470588235	0.23529411764705882
10388924-n	owner	0.3191489361702127	0.2021276595744681	0.3404255319148936	0.13829787234042556
01184453-v	accommodate	0.2941176470588235	0.1764705882352941	0.2941176470588235	0.23529411764705882
02199590-v	give	0.25961538461538464	0.27884615384615385	0.2692307692307693	0.1923076923076923
06423378-n	itinerary	0.2941176470588235	0.1764705882352941	0.2941176470588235	0.23529411764705882
00678777-v	book	0.28985507246376807	0.22463768115942026	0.28985507246376807	0.1956521739130435
10034906-n	driver	0.3541666666666667	0.16666666666666669	0.34375	0.13541666666666669
00308370-n	trip	0.2948571428571428	0.23885714285714285	0.3085714285714286	0.15771428571428575
02296726-v	offer	0.2656	0.27680000000000005	0.3008	0.1568
04231693-n	lift	0.2941176470588235	0.1764705882352941	0.2941176470588235	0.23529411764705882
08665504-n	town	0.27466666666666667	0.24533333333333335	0.2773333333333334	0.20266666666666663
00007015-r	roughly,approximately,around,some	0.2887096774193547	0.2435483870967742	0.31451612903225806	0.15322580645161285
04317420-n	stick	0.2941176470588235	0.1764705882352941	0.2941176470588235	0.23529411764705882
01142595-a	churlish	0.2941176470588235	0.1764705882352941	0.2941176470588235	0.23529411764705882
03100490-n	transport	0.2571428571428571	0.21428571428571425	0.3142857142857143	0.21428571428571427
14844693-n	dirt	0.2941176470588235	0.1764705882352941	0.2941176470588235	0.23529411764705882
00934199-a	inexpensive,cheap	0.3000000000000001	0.21666666666666665	0.29000000000000004	0.19333333333333336
02604760-v	be	0.3025120256547302	0.24104756814537678	0.3099946552645643	0.1464457509353288
02592111-v	club	0.2941176470588235	0.1764705882352941	0.2941176470588235	0.23529411764705882
04424418-n	thing	0.28501228501228504	0.25061425061425063	0.30098280098280106	0.16339066339066338
00956131-a	fair	0.2564102564102564	0.2564102564102564	0.24358974358974356	0.24358974358974358
00145713-r	plenty,enough	0.3154121863799284	0.24014336917562729	0.3118279569892473	0.13261648745519714
15137890-n	holiday,vacation	0.28928571428571426	0.2392857142857143	0.3142857142857142	0.1571428571428571
09316454-n	island	0.339622641509434	0.23584905660377364	0.339622641509434	0.0849056603773585
15280497-n	pace	0.2941176470588235	0.1764705882352941	0.2941176470588235	0.23529411764705882
00059171-r	much	0.28651685393258425	0.25280898876404495	0.3033707865168539	0.15730337078651685
00231252-a	worse	0.3703703703703704	0.11111111111111112	0.3703703703703704	0.14814814814814817
00429949-n	fun	0.3108108108108108	0.25675675675675674	0.31756756756756765	0.1148648648648649
02203249-a	9th	0.17241379310344826	0.3448275862068965	0.3448275862068965	0.13793103448275862
02204131-a	16th	0.2631578947368421	0.2631578947368421	0.2631578947368421	0.2105263157894737
00078760-v	treat	0.25903614457831325	0.2710843373493976	0.2710843373493976	0.19879518072289154
01123879-a	great,neat	0.29670329670329676	0.2417582417582417	0.31318681318681313	0.14835164835164835
02637938-v	wait	0.2410714285714286	0.2738095238095238	0.29166666666666674	0.1934523809523809
05795654-n	upgrade	0.31884057971014496	0.2753623188405797	0.2898550724637682	0.11594202898550728
00031820-v	laugh	0.2222222222222222	0.3333333333333333	0.25925925925925924	0.18518518518518517
00031264-n	group	0.2840909090909091	0.25000000000000006	0.29545454545454547	0.17045454545454547
05154517-n	asset,plus	0.2978723404255319	0.21276595744680854	0.2978723404255319	0.19148936170212771
00392812-a	black	0.27586206896551724	0.31034482758620685	0.25862068965517243	0.15517241379310343
08497294-n	area	0.31067125645438903	0.2160068846815835	0.33993115318416506	0.13339070567986241
01966861-v	hop	0.3448275862068965	0.17241379310344826	0.3448275862068965	0.13793103448275862
11524662-n	weather	0.23809523809523808	0.2777777777777778	0.253968253968254	0.23015873015873017
00024073-r	not	0.2955514929920781	0.24283973187081045	0.3168799512492382	0.14472882388787317
00059607-r	better	0.2907801418439716	0.23404255319148934	0.2978723404255319	0.1773049645390071
00520257-n	show	0.24870466321243523	0.28497409326424866	0.2797927461139897	0.18652849740932642
09605289-n	adult	0.25	0.25	0.390625	0.10937499999999999
14055408-n	complaint	0.3214285714285714	0.2	0.35000000000000003	0.1285714285714286
00192613-n	saving	0.2631578947368421	0.2631578947368421	0.2631578947368421	0.2105263157894737
04181718-n	shade	0.41666666666666663	0.20833333333333331	0.20833333333333331	0.16666666666666669
01509527-a	intense	0.2631578947368421	0.2631578947368421	0.2631578947368421	0.2105263157894737
01712704-v	do,perform	0.2853025936599424	0.2305475504322766	0.30835734870317005	0.17579250720461098
05747582-n	review	0.26442307692307687	0.25961538461538464	0.27884615384615385	0.19711538461538458
00984624-a	picky,finicky	0.2804878048780488	0.2439024390243903	0.30487804878048785	0.17073170731707318
00149583-v	get,go,become	0.2841530054644808	0.2823315118397086	0.27504553734061926	0.1584699453551912
01640850-a	new	0.2982456140350877	0.2543859649122807	0.2982456140350878	0.14912280701754382
00796315-n	adventure	0.29032258064516125	0.29032258064516125	0.29032258064516125	0.12903225806451613
00659048-n	massage	0.29411764705882354	0.24509803921568626	0.29411764705882354	0.1666666666666667
02685153-a	heavenly	0.2631578947368421	0.2631578947368421	0.2631578947368421	0.2105263157894737
13298701-n	tip	0.2980132450331126	0.2582781456953642	0.31125827814569534	0.1324503311258278
02413480-v	work	0.2709163346613546	0.26693227091633465	0.3386454183266932	0.12350597609561753
00744916-a	hard,difficult	0.33333333333333337	0.2677595628415301	0.34972677595628415	0.04918032786885246
05145118-n	price	0.3276983094928478	0.23797139141742527	0.32769830949284784	0.10663198959687907
01010862-a	first	0.29352517985611515	0.24604316546762592	0.3107913669064748	0.14964028776978416
14010927-n	check,stay	0.3057851239669422	0.24793388429752072	0.3057851239669422	0.14049586776859505
02510337-v	control,check,contain	0.2641509433962264	0.33962264150943394	0.2641509433962264	0.1320754716981132
00028270-n	time	0.24590163934426226	0.31967213114754095	0.27868852459016397	0.15573770491803277
00676450-v	pick	0.2441860465116279	0.2790697674418604	0.3023255813953488	0.1744186046511628
03405725-n	furniture	0.28865979381443296	0.26804123711340205	0.2577319587628866	0.18556701030927836
03579355-n	decor	0.2900000000000001	0.24	0.3	0.17
01638438-a	old	0.3043478260869565	0.21739130434782614	0.3369565217391305	0.14130434782608695
13855627-n	contrast	nan	nan	nan	nan
03731164-n	mattress	0.32142857142857145	0.21428571428571425	0.2857142857142857	0.17857142857142855
00031304-r	still	0.293939393939394	0.2545454545454546	0.3030303030303031	0.14848484848484847
14024882-n	sleep	0.29787234042553196	0.2978723404255319	0.3191489361702128	0.08510638297872342
00265119-n	renovation	0.2619047619047619	0.2619047619047619	0.2619047619047619	0.21428571428571425
04679738-n	look	0.2941176470588235	0.14705882352941177	0.3235294117647059	0.23529411764705885
02130524-v	look	0.3017241379310346	0.20689655172413796	0.35129310344827586	0.1400862068965517
00884011-v	promise	0.25	0.35000000000000003	0.35000000000000003	0.049999999999999996
01535709-a	modern	0.2964959568733154	0.1940700808625337	0.3180592991913747	0.19137466307277623
00022131-r	equally,as	0.32850241545893727	0.2415458937198067	0.33816425120772947	0.09178743961352659
00033922-r	soon	0.2830188679245283	0.27358490566037735	0.32075471698113206	0.12264150943396226
00922867-v	register	nan	nan	nan	nan
00831651-v	inform	0.253968253968254	0.28571428571428575	0.253968253968254	0.20634920634920637
00752493-v	ask	0.2836624775583483	0.2764811490125674	0.29263913824057447	0.14721723518850988
01383756-a	larger,bigger	0.30081300813008127	0.2154471544715447	0.31300813008130074	0.17073170731707316
02498320-v	book,reserve	0.30594900849858353	0.24645892351274787	0.311614730878187	0.13597733711048157
00476249-a	roomy,spacious	0.30026809651474534	0.2412868632707775	0.3083109919571046	0.15013404825737264
04256520-n	couch,lounge,sofa	0.3461538461538461	0.17948717948717946	0.32051282051282054	0.15384615384615385
04379243-n	table	0.31481481481481477	0.24537037037037038	0.29629629629629634	0.1435185185185185
01771535-v	experience,feel	0.28804347826086957	0.2427536231884058	0.2916666666666667	0.17753623188405795
08559508-n	home	0.2549019607843137	0.28921568627450983	0.26960784313725494	0.18627450980392157
01101391-a	general	0.2666666666666667	0.2666666666666667	0.23333333333333334	0.23333333333333334
02539968-a	welcome	0.3053435114503817	0.25190839694656486	0.3129770992366412	0.1297709923664122
02126430-a	located	0.30681818181818177	0.20738636363636362	0.3267045454545455	0.15909090909090906
01186408-a	light	0.2710280373831776	0.2803738317757009	0.27102803738317754	0.17757009345794394
00283568-n	walk,walking	0.3042071197411004	0.2233009708737864	0.31715210355987056	0.1553398058252427
05084201-n	distance	0.33211678832116787	0.2518248175182482	0.34306569343065696	0.07299270072992702
02692232-n	airport	0.296398891966759	0.25207756232686984	0.3019390581717452	0.14958448753462603
00604617-a	convenient	0.3157894736842105	0.1776315789473684	0.3881578947368421	0.11842105263157891
00683280-v	believe	0.3137254901960785	0.2352941176470588	0.2941176470588236	0.15686274509803924
01047874-a	fortunate	0.2631578947368421	0.2105263157894737	0.2631578947368421	0.2631578947368421
00715239-v	feel,find	0.25	0.25	0.25	0.25
01993408-a	nice,decent	0.2526315789473684	0.2421052631578947	0.2947368421052631	0.21052631578947367
00935103-a	affordable	0.0	0.5	0.5	0.0
05919263-n	heart	nan	nan	nan	nan
00610167-v	forget	0.3005780346820809	0.26011560693641617	0.3005780346820809	0.13872832369942195
03931044-n	picture	0.4	0.2	0.2	0.2
00719734-v	expect	0.2859744990892531	0.2422586520947177	0.326047358834244	0.14571948998178502
09444100-n	star	0.26875	0.25	0.3125000000000001	0.16874999999999998
02260035-a	solid	0.3	0.2666666666666667	0.3333333333333333	0.09999999999999999
00035718-r	reasonably,pretty,fairly	0.2822085889570552	0.2392638036809816	0.29652351738241306	0.18200408997955006
00975778-a	swish,classy,posh	0.2647058823529412	0.20588235294117643	0.2941176470588235	0.23529411764705882
00138611-r	likely,probably	0.2633053221288516	0.23809523809523817	0.2997198879551821	0.19887955182072828
15286249-n	rate	0.26932668329177056	0.25187032418952626	0.30174563591022446	0.1770573566084788
08552138-n	district	0.2894736842105264	0.2236842105263158	0.3026315789473684	0.18421052631578952
00095280-a	dead	0.14285714285714288	0.25	0.35714285714285715	0.25
00012531-r	well	0.26666666666666666	0.19999999999999998	0.3333333333333333	0.19999999999999998
00086000-r	fast	0.3220338983050848	0.22033898305084745	0.3220338983050848	0.13559322033898305
01586752-a	good	0.18604651162790703	0.23255813953488372	0.3488372093023256	0.23255813953488372
00577525-n	service	0.2907348242811503	0.2287539936102236	0.31693290734824264	0.16357827476038342
00187028-r	nicely	0.25726141078838166	0.22406639004149376	0.3319502074688796	0.1867219917012448
01666894-v	style	0.24242424242424246	0.21212121212121213	0.30303030303030304	0.24242424242424246
05098942-n	size	0.2868852459016394	0.2377049180327869	0.30874316939890717	0.16666666666666666
04728068-n	calibre	0.26666666666666666	0.19999999999999998	0.3333333333333333	0.19999999999999998
00005205-a	absolute	0.2413793103448276	0.27586206896551724	0.2931034482758621	0.18965517241379315
09410928-n	rip	0.25000000000000006	0.25000000000000006	0.28571428571428575	0.2142857142857143
09871364-n	boyfriend	0.3333333333333333	0.3333333333333333	0.3333333333333333	0.0
00543603-a	concerned	0.3333333333333333	0.3333333333333333	0.3333333333333333	0.0
13244109-n	property	0.3311258278145695	0.2450331125827814	0.3509933774834438	0.0728476821192053
02169702-v	hear	0.33636363636363636	0.2363636363636364	0.32272727272727264	0.10454545454545454
08640531-n	resort	0.32989690721649484	0.22680412371134023	0.26804123711340205	0.17525773195876287
00314835-r	honestly	0.23809523809523805	0.30158730158730157	0.31746031746031744	0.14285714285714285
00146387-r	ever	0.31219512195121946	0.2634146341463415	0.2829268292682927	0.14146341463414633
00661824-v	check	0.3101604278074866	0.2798573975044564	0.2923351158645277	0.11764705882352941
00979366-a	quick	0.31981981981981983	0.31081081081081086	0.27477477477477474	0.0945945945945946
05823932-n	grounds	0.3137254901960785	0.2549019607843137	0.2941176470588235	0.1372549019607843
01387319-a	huge	0.31830985915492965	0.24225352112676055	0.3211267605633802	0.11830985915492956
05795460-n	reservation	0.24919093851132684	0.26860841423948223	0.2686084142394821	0.2135922330097087
05611302-n	mind	0.2941176470588235	0.2745098039215686	0.35294117647058815	0.07843137254901959
10153414-n	guy	0.2768361581920904	0.2655367231638418	0.288135593220339	0.16949152542372886
00052374-v	wear	0.39999999999999997	0.19999999999999998	0.39999999999999997	0.0
03234164-n	shorts	0.3333333333333333	0.3333333333333333	0.3333333333333333	0.0
03236735-n	dress	0.3333333333333333	0.3333333333333333	0.3333333333333333	0.0
06667317-n	code	0.2647058823529411	0.2941176470588235	0.2941176470588235	0.14705882352941174
01083157-a	full	0.2857142857142857	0.2593984962406015	0.3007518796992481	0.15413533834586463
11410625-n	effect,issue,result	0.3913043478260869	0.21739130434782608	0.3913043478260869	0.0
10042300-n	eater	0.2857142857142857	0.2857142857142857	0.2857142857142857	0.14285714285714285
02423183-v	allow,let	0.3026315789473685	0.24671052631578946	0.29276315789473684	0.15789473684210523
00059086-r	much	0.2921052631578947	0.23947368421052634	0.30526315789473685	0.1631578947368421
00018813-v	wake	0.2857142857142857	0.2857142857142857	0.2857142857142857	0.14285714285714285
00812952-a	early	0.3068783068783069	0.2592592592592593	0.2962962962962963	0.1375661375661376
00009966-r	please	0.2857142857142857	0.2857142857142857	0.2857142857142857	0.14285714285714285
01494310-v	set,place,position,put,lay	0.29278350515463925	0.24329896907216492	0.3092783505154639	0.15463917525773194
02236355-n	bug	0.37499999999999994	0.20312499999999997	0.3828125	0.03906249999999999
02200198-n	mosquito	0.42857142857142855	0.14285714285714285	0.42857142857142855	0.0
08513718-n	property	0.29411764705882354	0.21568627450980396	0.29411764705882354	0.19607843137254904
02327200-v	furnish,provide	0.26433121019108285	0.24522292993630576	0.31210191082802546	0.17834394904458598
10112591-n	friend	0.2973856209150326	0.24836601307189546	0.32026143790849676	0.13398692810457516
00232936-r	away,off,forth	0.3017902813299233	0.2442455242966752	0.2979539641943735	0.15601023017902815
00037396-n	action	0.3118279569892473	0.24731182795698922	0.30107526881720426	0.13978494623655915
08061042-n	business	0.2483221476510067	0.23489932885906037	0.28859060402684555	0.22818791946308728
05667613-n	convention	0.3088235294117647	0.19117647058823528	0.3088235294117647	0.19117647058823528
09178999-n	reason	0.27966101694915246	0.27118644067796605	0.26271186440677974	0.1864406779661017
15140744-n	life	0.3333333333333333	0.19999999999999998	0.30000000000000004	0.16666666666666666
08524735-n	city	0.30261348005502053	0.22283356258596976	0.3328748280605227	0.14167812929848694
11683747-n	nutshell	0.3333333333333333	0.06666666666666667	0.26666666666666666	0.3333333333333333
02081114-a	o.k.,okay,fine,ok	0.26589595375722547	0.24566473988439308	0.29190751445086704	0.19653179190751444
02203763-a	13th	0.3333333333333333	0.19999999999999998	0.30000000000000004	0.16666666666666666
03365592-n	floor	0.27744270205066357	0.249698431845597	0.31242460796139926	0.16043425814234025
06892016-n	bit	0.3333333333333333	0.06666666666666667	0.26666666666666666	0.3333333333333333
02431728-a	tired	0.2903225806451613	0.21505376344086014	0.2580645161290323	0.23655913978494625
06599788-n	theme	0.2857142857142857	0.17142857142857143	0.2571428571428572	0.2857142857142857
07048000-n	song	0.3	0.05	0.4	0.25
01719302-v	play	0.3333333333333333	0.06666666666666667	0.26666666666666666	0.3333333333333333
00036291-r	slightly,somewhat	0.3006993006993007	0.2517482517482517	0.30769230769230765	0.13986013986013987
00089550-a	pesky,annoying,irritating	0.3	0.19999999999999998	0.2333333333333333	0.26666666666666666
13779032-n	volume	0.3333333333333333	0.06666666666666667	0.26666666666666666	0.3333333333333333
00008007-r	altogether,totally,completely,all,entirely	0.3043478260869566	0.2288329519450801	0.31350114416475977	0.1533180778032036
06208751-n	view	0.2884615384615384	0.24639423076923078	0.31009615384615385	0.15504807692307696
00071165-r	around	0.2918454935622318	0.2317596566523605	0.2918454935622318	0.1845493562231759
00658082-n	intervention,treatment	0.375	0.15	0.35	0.125
